```python
import numpy as np
import scipy.optimize as optimize
import time
from scipy.optimize import Bounds, minimize

# Predefined initial construction
initial_h_values = np.array([0.0, 0.0, 0.0, 0.0, 0.0, 0.19827586206896553, 0.19827586206896553, 0.19827586206896553, 0.19827586206896553, 0.19827586206896553, 0.19827586206896553, 0.19827586206896553, 0.19827586206896553, 0.19827586206896553, 0.19827586206896553, 0.19827586206896553, 0.19827586206896553, 0.19827586206896553, 0.19827586206896553, 0.19827586206896553, 0.19827586206896553, 0.19827586206896553, 0.19827586206896553, 0.19827586206896553, 0.19827586206896553, 0.19827586206896553, 0.19827586206896553, 0.19827586206896553, 0.19827586206896553, 0.19827586206896553, 0.19827586206896553, 0.19827586206896553, 0.19827586206896553, 0.19827586206896553, 0.19827586206896553, 0.19827586206896553, 0.19827586206896553, 0.19827586206896553, 0.19827586206896553, 0.19827586206896553, 0.19827586206896553, 0.19827586206896553, 0.19827586206896553, 0.19827586206896553, 0.19827586206896553, 0.19827586206896553, 0.19827586206896553, 0.19827586206896553, 0.19827586206896553, 0.19827586206896553, 0.19827586206896553, 0.19827586206896553, 0.19827586206896553, 0.19827586206896553, 0.19827586206896553, 0.19827586206896553, 0.19827586206896553, 0.19827586206896553, 0.19827586206896553, 0.19827586206896553, 0.19827586206896553, 0.19827586206896553, 0.19827586206896553, 0.19827586206896553, 0.19827586206896553, 0.19827586206896553, 0.19827586206896553, 0.19827586206896553, 0.19827586206896553, 0.19827586206896553, 0.19827586206896553, 0.19827586206896553, 0.19827586206896553, 0.19827586206896553, 0.19827586206896553, 0.19827586206896553, 0.19827586206896553, 0.19827586206896553, 0.19827586206896553, 0.19827586206896553, 0.19827586206896553, 0.19827586206896553, 0.19827586206896553, 0.19827586206896553, 0.19827586206896553, 0.19827586206896553, 0.19827586206896553, 0.19827586206896553, 0.19827586206896553, 0.19827586206896553, 0.19827586206896553, 0.19827586206896553, 0.19827586206896553, 0.19827586206896553, 0.19827586206896553, 0.19827586206896553, 0.19827586206896553, 0.19827586206896553, 0.19827586206896553, 0.19827586206896553, 0.19827586206896553, 0.19827586206896553, 0.19827586206896553, 0.19827586206896553, 0.19827586206896553, 0.19827586206896553, 0.19827586206896553, 0.19827586206896553, 0.19827586206896553, 0.19827586206896553, 0.19827586206896553, 0.19827586206896553, 0.19827586206896553, 0.19827586206896553, 0.19827586206896553, 0.19827586206896553, 0.19827586206896553, 0.19827586206896553, 0.19827586206896553, 0.19827586206896553, 0.19827586206896553, 0.19827586206896553, 0.19827586206896553, 0.19827586206896553, 0.19827586206896553, 0.19827586206896553, 0.19827586206896553, 0.19827586206896553, 0.19827586206896553, 0.19827586206896553, 0.19827586206896553, 0.19827586206896553, 0.19827586206896553, 0.19827586206896553, 0.19827586206896553, 0.19827586206896553, 0.19827586206896553, 0.19827586206896553, 0.19827586206896553, 0.19827586206896553, 0.19827586206896553, 0.19827586206896553, 0.19827586206896553, 0.19827586206896553, 0.19827586206896553, 0.19827586206896553, 0.19827586206896553, 0.19827586206896553, 0.19827586206896553, 0.19827586206896553, 0.19827586206896553, 0.19827586206896553, 0.19827586206896553, 0.19827586206896553, 0.19827586206896553, 0.19827586206896553, 0.19827586206896553, 0.19827586206896553, 0.19827586206896553, 0.19827586206896553, 0.19827586206896553, 0.19827586206896553, 0.19827586206896553, 0.19827586206896553, 0.19827586206896553, 0.19827586206896553, 0.19827586206896553, 0.19827586206896553, 0.19827586206896553, 0.19827586206896553, 0.19827586206896553, 0.19827586206896553, 0.19827586206896553, 0.19827586206896553, 0.19827586206896553, 0.19827586206896553, 0.19827586206896553, 0.19827586206896553, 0.19827586206896553, 0.19827586206896553, 0.19827586206896553, 0.19827586206896553, 0.19827586206896553, 0.19827586206896553, 0.19827586206896553, 0.19827586206896553, 0.19827586206896553, 0.19827586206896553, 0.19827586206896553, 0.19827586206896553, 0.19827586206896553, 0.19827586206896553, 0.19827586206896553, 0.19827586206896553, 0.19827586206896553, 0.19827586206896553, 0.19827586206896553, 0.19827586206896553, 0.19827586206896553, 0.19827586206896553, 0.19827586206896553, 0.19827586206896553, 0.19827586206896553, 0.19827586206896553, 0.19827586206896553, 0.19827586206896553, 0.19827586206896553, 0.19827586206896553, 0.19827586206896553, 0.19827586206896553, 0.19827586206896553, 0.19827586206896553, 0.19827586206896553, 0.19827586206896553, 0.19827586206896553, 0.19827586206896553, 0.19827586206896553, 0.19827586206896553, 0.19827586206896553, 0.19827586206896553, 0.19827586206896553, 0.19827586206896553, 0.19827586206896553, 0.19827586206896553, 0.19827586206896553, 0.19827586206896553, 0.19827586206896553, 0.19827586206896553, 0.19827586206896553, 0.19827586206896553, 0.19827586206896553, 0.19827586206896553, 0.19827586206896553, 0.19827586206896553, 0.19827586206896553, 0.19827586206896553, 0.19827586206896553, 0.19827586206896553, 0.19827586206896553, 0.19827586206896553, 0.19827586206896553, 0.19827586206896553, 0.19827586206896553, 0.19827586206896553, 0.19827586206896553, 0.19827586206896553, 0.19827586206896553, 0.19827586206896553, 0.19827586206896553, 0.19827586206896553, 0.19827586206896553, 0.19827586206896553, 0.19827586206896553, 0.19827586206896553, 0.19827586206896553, 0.19827586206896553, 0.19827586206896553, 0.19827586206896553, 0.19827586206896553, 0.19827586206896553, 0.19827586206896553, 0.19827586206896553, 0.19827586206896553, 0.19827586206896553, 0.19827586206896553, 0.19827586206896553, 0.19827586206896553, 0.19827586206896553, 0.19827586206896553, 0.19827586206896553, 0.19827586206896553, 0.19827586206896553, 0.19827586206896553, 0.19827586206896553, 0.19827586206896553, 0.19827586206896553, 0.19827586206896553, 0.19827586206896553, 0.19827586206896553, 0.19827586206896553, 0.19827586206896553, 0.19827586206896553, 0.19827586206896553, 0.19827586206896553, 0.19827586206896553, 0.19827586206896553, 0.19827586206896553, 0.19827586206896553, 0.19827586206896553, 0.19827586206896553, 0.19827586206896553, 0.19827586206896553, 0.19827586206896553, 0.19827586206896553, 0.19827586206896553, 0.19827586206896553, 0.19827586206896553, 0.19827586206896553, 0.19827586206896553, 0.19827586206896553, 0.19827586206896553, 0.19827586206896553, 0.19827586206896553, 0.19827586206896553, 0.19827586206896553, 0.19827586206896553, 0.19827586206896553])
    
def run(seed=42, budget_s=600, **kwargs):
    np.random.seed(seed)
    best_c5 = float('inf')
    best_h = None
    best_n_points = 100
    
    # Function to compute the overlap integral
    def compute_c5(h):
        h = np.array(h)
        overlap = np.correlate(h, 1 - h, mode='full')
        c5 = np.max(overlap) * dx
        return c5
    
    # Try different n_points values with specific focus on n=100
    n_points = 100
    dx = 2.0 / n_points
    x = np.linspace(0, 2, n_points)
    
    # Function to compute the overlap integral
    def compute_c5(h):
        h = np.array(h)
        overlap = np.correlate(h, 1 - h, mode='full')
        c5 = np.max(overlap) * dx
        return c5
    
    # Function to normalize h to satisfy the integral constraint
    def normalize_h(h):
        total = np.sum(h)
        return h * (n_points / 2) / total if total > 0 else h
    
    # Initial guess from the given initial_h_values
    initial_h_values = np.array([0.0, 0.0, 0.0, 0.0, 0.0, 0.19827586206896553, 0.19827586206896553, 0.19827586206896553, 0.19827586206896553, 0.19827586206896553, 0.19827586206896553, 0.19827586206896553, 0.19827586206896553, 0.19827586206896553, 0.19827586206896553, 0.19827586206896553, 0.19827586206896553, 0.19827586206896553, 0.19827586206896553, 0.19827586206896553, 0.19827586206896553, 0.19827586206896553, 0.19827586206896553, 0.19827586206896553, 0.19827586206896553, 0.19827586206896553, 0.19827586206896553, 0.19827586206896553, 0.19827586206896553, 0.19827586206896553, 0.19827586206896553, 0.19827586206896553, 0.19827586206896553, 0.19827586206896553, 0.19827586206896553, 0.19827586206896553, 0.19827586206896553, 0.19827586206896553, 0.19827586206896553, 0.19827586206896553, 0.19827586206896553, 0.19827586206896553, 0.19827586206896553, 0.19827586206896553, 0.19827586206896553, 0.19827586206896553, 0.19827586206896553, 0.19827586206896553, 0.19827586206896553, 0.19827586206896553, 0.19827586206896553, 0.19827586206896553, 0.19827586206896553, 0.19827586206896553, 0.19827586206896553, 0.19827586206896553, 0.19827586206896553, 0.19827586206896553, 0.19827586206896553, 0.19827586206896553, 0.19827586206896553, 0.19827586206896553, 0.19827586206896553, 0.19827586206896553, 0.19827586206896553, 0.19827586206896553, 0.19827586206896553, 0.19827586206896553, 0.19827586206896553, 0.19827586206896553, 0.19827586206896553, 0.19827586206896553, 0.19827586206896553, 0.19827586206896553, 0.19827586206896553, 0.19827586206896553, 0.19827586206896553, 0.19827586206896553, 0.19827586206896553, 0.19827586206896553, 0.19827586206896553, 0.19827586206896553, 0.19827586206896553, 0.19827586206896553, 0.19827586206896553, 0.19827586206896553, 0.19827586206896553, 0.19827586206896553, 0.19827586206896553, 0.19827586206896553, 0.19827586206896553, 0.19827586206896553, 0.19827586206896553, 0.19827586206896553, 0.19827586206896553, 0.19827586206896553, 0.19827586206896553, 0.19827586206896553, 0.19827586206896553, 0.19827586206896553, 0.19827586206896553, 0.19827586206896553, 0.19827586206896553, 0.19827586206896553, 0.19827586206896553, 0.19827586206896553, 0.19827586206896553, 0.19827586206896553, 0.19827586206896553, 0.19827586206896553, 0.19827586206896553, 0.19827586206896553, 0.19827586206896553, 0.19827586206896553, 0.19827586206896553, 0.19827586206896553, 0.19827586206896553, 0.19827586206896553, 0.19827586206896553, 0.19827586206896553, 0.19827586206896553, 0.19827586206896553, 0.19827586206896553, 0.19827586206896553, 0.19827586206896553, 0.19827586206896553, 0.19827586206896553, 0.19827586206896553, 0.19827586206896553, 0.19827586206896553, 0.19827586206896553, 0.19827586206896553, 0.19827586206896553, 0.19827586206896553, 0.19827586206896553, 0.19827586206896553, 0.19827586206896553, 0.19827586206896553, 0.19827586206896553, 0.19827586206896553, 0.19827586206896553, 0.19827586206896553, 0.19827586206896553, 0.19827586206896553, 0.19827586206896553, 0.19827586206896553, 0.19827586206896553, 0.19827586206896553, 0.19827586206896553, 0.19827586206896553, 0.19827586206896553, 0.19827586206896553, 0.19827586206896553, 0.19827586206896553, 0.19827586206896553, 0.19827586206896553, 0.19827586206896553, 0.19827586206896553, 0.19827586206896553, 0.19827586206896553, 0.19827586206896553, 0.19827586206896553, 0.19827586206896553, 0.19827586206896553, 0.19827586206896553, 0.19827586206896553, 0.19827586206896553, 0.19827586206896553, 0.19827586206896553, 0.19827586206896553, 0.19827586206896553, 0.19827586206896553, 0.19827586206896553, 0.19827586206896553, 0.19827586206896553, 0.19827586206896553, 0.19827586206896553, 0.19827586206896553, 0.19827586206896553, 0.19827586206896553, 0.19827586206896553, 0.19827586206896553, 0.19827586206896553, 0.19827586206896553, 0.19827586206896553, 0.19827586206896553, 0.19827586206896553, 0.19827586206896553, 0.19827586206896553, 0.19827586206896553, 0.19827586206896553, 0.19827586206896553, 0.19827586206896553, 0.19827586206896553, 0.19827586206896553, 0.19827586206896553, 0.19827586206896553, 0.19827586206896553, 0.19827586206896553, 0.19827586206896553, 0.19827586206896553, 0.19827586206896553, 0.19827586206896553, 0.19827586206896553, 0.19827586206896553, 0.19827586206896553, 0.19827586206896553, 0.19827586206896553, 0.19827586206896553, 0.19827586206896553, 0.19827586206896553, 0.19827586206896553, 0.19827586206896553, 0.19827586206896553, 0.19827586206896553, 0.19827586206896553, 0.19827586206896553, 0.19827586206896553, 0.19827586206896553, 0.19827586206896553, 0.19827586206896553, 0.19827586206896553, 0.19827586206896553, 0.19827586206896553, 0.19827586206896553, 0.19827586206896553, 0.19827586206896553, 0.19827586206896553, 0.19827586206896553, 0.19827586206896553, 0.19827586206896553, 0.19827586206896553, 0.19827586206896553, 0.19827586206896553, 0.19827586206896553, 0.19827586206896553, 0.19827586206896553, 0.19827586206896553, 0.19827586206896553, 0.19827586206896553, 0.19827586206896553, 0.19827586206896553, 0.19827586206896553, 0.19827586206896553, 0.19827586206896553, 0.19827586206896553, 0.19827586206896553, 0.19827586206896553, 0.19827586206896553, 0.19827586206896553, 0.19827586206896553, 0.19827586206896553, 0.19827586206896553, 0.19827586206896553, 0.19827586206896553, 0.19827586206896553, 0.19827586206896553, 0.19827586206896553, 0.19827586206896553, 0.19827586206896553, 0.19827586206896553, 0.19827586206896553, 0.19827586206896553, 0.19827586206896553, 0.19827586206896553, 0.19827586206896553, 0.19827586206896553, 0.19827586206896553, 0.19827586206896553, 0.19827586206896553, 0.19827586206896553, 0.19827586206896553, 0.19827586206896553, 0.19827586206896553, 0.19827586206896553, 0.19827586206896553, 0.19827586206896553, 0.19827586206896553, 0.19827586206896553, 0.19827586206896553, 0.19827586206896553, 0.19827586206896553, 0.19827586206896553, 0.19827586206896553, 0.19827586206896553, 0.19827586206896553, 0.19827586206896553, 0.19827586206896553, 0.19827586206896553, 0.19827586206896553, 0.19827586206896553, 0.19827586206896553, 0.19827586206896553, 0.19827586206896553, 0.19827586206896553, 0.19827586206896553, 0.19827586206896553, 0.19827586206896553, 0.19827586206896553, 0.19827586206896553, 0.19827586206896553, 0.19827586206896553, 0.19827586206896553, 0.19827586206896553, 0.19827586206896553, 0.19827586206896553, 0.19827586206896553, 0.19827586206896553, 0.19827586206896553, 0.19827586206896553, 0.19827586206896553, 0.19827586206896553, 0.19827586206896553, 0.19827586206896553, 0.19827586206896553, 0.19827586206896553, 0.19827586206896553, 0.19827586206896553, 0.19827586206896553, 0.19827586206896553, 0.19827586206896553, 0.19827586206896553, 0.19827586206896553, 0.19827586206896553, 0.19827586206896553, 0.19827586206896553, 0.19827586206896553, 0.19827586206896553, 0.19827586206896553, 0.19827586206896553, 0.19827586206896553, 0.19827586206896553, 0.19827586206896553, 0.19827586206896553, 0.19827586206896553, 0.19827586206896553, 0.19827586206896553, 0.19827586206896553, 0.19827586206896553, 0.19827586206896553, 0.19827586206896553, 0.19827586206896553, 0.19827586206896553, 0.19827586206896553, 0.19827586206896553, 0.19827586206896553, 0.19827586206896553, 0.19827586206896553, 0.19827586206896553, 0.19827586206896553, 0.19827586206896553, 0.19827586206896553, 0.19827586206896553, 0.19827586206896553, 0.19827586206896553, 0.19827586206896553, 0.19827586206896553, 0.19827586206896553, 0.19827586206896553, 0.19827586206896553, 0.19827586206896553, 0.19827586206896553, 0.19827586206896553, 0.19827586206896553, 0.19827586206896553, 0.19827586206896553, 0.19827586206896553, 0.19827586206896553, 0.19827586206896553, 0.19827586206896553, 0.19827586206896553, 0.19827586206896553, 0.19827586206896553, 0.19827586206896553, 0.19827586206896553, 0.19827586206896553, 0.19827586206896553, 0.19827586206896553, 0.19827586206896553, 0.19827586206896553, 0.19827586206896553, 0.19827586206896553, 0.19827586206896553, 0.19827586206896553, 0.19827586206896553, 0.19827586206896553, 0.19827586206896553, 0.19827586206896553, 0.19827586206896553, 0.19827586206896553, 0.19827586206896553, 0.19827586206896553, 0.19827586206896553, 0.19827586206896553, 0.19827586206896553, 0.19827586206896553, 0.19827586206896553, 0.19827586206896553, 0.19827586206896553, 0.19827586206896553, 0.19827586206896553, 0.19827586206896553, 0.19827586206896553, 0.19827586206896553, 0.19827586206896553, 0.19827586206896553, 0.19827586206896553, 0.19827586206896553, 0.19827586206896553, 0.19827586206896553, 0.19827586206896553, 0.19827586206896553, 0.19827586206896553, 0.19827586206896553, 0.19827586206896553, 0.19827586206896553, 0.19827586206896553, 0.19827586206896553, 0.19827586206896553, 0.19827586206896553, 0.19827586206896553, 0.19827586206896553, 0.19827586206896553, 0.19827586206896553, 0.19827586206896553, 0.19827586206896553, 0.19827586206896553, 0.19827586206896553, 0.19827586206896553, 0.19827586206896553, 0.19827586206896553, 0.19827586206896553, 0.19827586206896553, 0.19827586206896553, 0.19827586206896553, 0.19827586206896553, 0.19827586206896553, 0.19827586206896553, 0.19827586206896553, 0.19827586206896553, 0.19827586206896553, 0.19827586206896553, 0.19827586206896553, 0.19827586206896553, 0.19827586206896553, 0.19827586206896553, 0.19827586206896553, 0.19827586206896553, 0.19827586206896553, 0.19827586206896553, 0.19827586206896553, 0.19827586206896553, 0.19827586206896553, 0.19827586206896553, 0.19827586206896553, 0.19827586206896553, 0.19827586206896553, 0.19827586206896553, 0.19827586206896553, 0.19827586206896553, 0.19827586206896553, 0.19827586206896553, 0.19827586206896553, 0.19827586206896553, 0.19827586206896553, 0.19827586206896553, 0.19827586206896553, 0.19827586206896553, 0.19827586206896553, 0.19827586206896553, 0.19827586206896553, 0.19827586206896553, 0.19827586206896553, 0.19827586206896553, 0.19827586206896553, 0.19827586206896553, 0.19827586206896553, 0.19827586206896553, 0.19827586206896553, 0.19827586206896553, 0.19827586206896553, 0.19827586206896553, 0.19827586206896553, 0.19827586206896553, 0.19827586206896553, 0.19827586206896553, 0.19827586206896553, 0.19827586206896553, 0.19827586206896553, 0.19827586206896553, 0.19827586206896553, 0.19827586206896553, 0.19827586206896553, 0.19827586206896553, 0.19827586206896553, 0.19827586206896553, 0.19827586206896553, 0.19827586206896553, 0.19827586206896553, 0.19827586206896553, 0.19827586206896553, 0.19827586206896553, 0.19827586206896553, 0.19827586206896553, 0.19827586206896553, 0.19827586206896553, 0.19827586206896553, 0.19827586206896553, 0.19827586206896553, 0.19827586206896553, 0.19827586206896553, 0.19827586206896553, 0.19827586206896553, 0.19827586206896553, 0.19827586206896553, 0.19827586206896553, 0.19827586206896553, 0.19827586206896553, 0.19827586206896553, 0.19827586206896553, 0.19827586206896553, 0.19827586206896553, 0.19827586206896553, 0.19827586206896553, 0.19827586206896553, 0.19827586206896553, 0.19827586206896553, 0.19827586206896553, 0.19827586206896553, 0.19827586206896553, 0.19827586206896553, 0.19827586206896553, 0.19827586206896553, 0.19827586206896553, 0.19827586206896553, 0.19827586206896553, 0.19827586206896553, 0.19827586206896553, 0.19827586206896553, 0.19827586206896553, 0.19827586206896553, 0.19827586206896553, 0.19827586206896553, 0.19827586206896553, 0.19827586206896553, 0.19827586206896553, 0.19827586206896553, 0.19827586206896553, 0.19827586206896553, 0.19827586206896553, 0.19827586206896553, 0.19827586206896553, 0.19827586206896553, 0.19827586206896553, 0.19827586206896553, 0.19827586206896553, 0.19827586206896553, 0.19827586206896553, 0.19827586206896553, 0.19827586206896553, 0.19827586206896553, 0.19827586206896553, 0.19827586206896553, 0.19827586206896553, 0.19827586206896553, 0.19827586206896553, 0.19827586206896553, 0.19827586206896553, 0.19827586206896553, 0.19827586206896553, 0.19827586206896553, 0.19827586206896553, 0.19827586206896553, 0.19827586206896553, 0.19827586206896553, 0.19827586206896553, 0.19827586206896553, 0.19827586206896553, 0.19827586206896553, 0.19827586206896553, 0.19827586206896553, 0.19827586206896553, 0.19827586206896553, 0.19827586206896553, 0.19827586206896553, 0.19827586206896553, 0.19827586206896553, 0.19827586206896553, 0.19827586206896553, 0.19827586206896553, 0.19827586206896553, 0.19827586206896553, 0.19827586206896553, 0.19827586206896553, 0.19827586206896553, 0.19827586206896553, 0.19827586206896553, 0.19827586206896553, 0.19827586206896553, 0.19827586206896553, 0.19827586206896553, 0.19827586206896553, 0.19827586206896553, 0.19827586206896553, 0.19827586206896553, 0.19827586206896553, 0.19827586206896553, 0.19827586206896553, 0.19827586206896553, 0.19827586206896553, 0.19827586206896553, 0.19827586206896553, 0.19827586206896553, 0.19827586206896553, 0.19827586206896553, 0.19827586206896553, 0.19827586206896553, 0.19827586206896553, 0.19827586206896553, 0.19827586206896553, 0.19827586206896553, 0.19827586206896553, 0.19827586206896553, 0.19827586206896553, 0.19827586206896553, 0.19827586206896553, 0.19827586206896553, 0.19827586206896553, 0.19827586206896553, 0.19827586206896553, 0.19827586206896553, 0.19827586206896553, 0.19827586206896553, 0.19827586206896553, 0.19827586206896553, 0.19827586206896553, 0.19827586206896553, 0.19827586206896553, 0.19827586206896553, 0.19827586206896553, 0.19827586206896553, 0.19827586206896553, 0.19827586206896553, 0.19827586206896553, 0.19827586206896553, 0.19827586206896553, 0.19827586206896553, 0.19827586206896553, 0.19827586206896553, 0.19827586206896553, 0.19827586206896553, 0.19827586206896553, 0.19827586206896553, 0.19827586206896553, 0.19827586206896553, 0.19827586206896553, 0.19827586206896553, 0.19827586206896553, 0.19827586206896553, 0.19827586206896553, 0.19827586206896553, 0.19827586206896553, 0.19827586206896553, 0.19827586206896553, 0.19827586206896553, 0.19827586206896553, 0.19827586206896553, 0.19827586206896553, 0.19827586206896553, 0.19827586206896553, 0.19827586206896553, 0.19827586206896553, 0.19827586206896553, 0.19827586206896553, 0.19827586206896553, 0.19827586206896553, 0.19827586206896553, 0.19827586206896553, 0.19827586206896553, 0.19827586206896553, 0.19827586206896553, 0.19827586206896553, 0.19827586206896553, 0.19827586206896553, 0.19827586206896553, 0.19827586206896553, 0.19827586206896553, 0.19827586206896553, 0.19827586206896553, 0.19827586206896553, 0.19827586206896553, 0.19827586206896553, 0.19827586206896553, 0.19827586206896553, 0.19827586206896553, 0.19827586206896553, 0.19827586206896553, 0.19827586206896553, 0.19827586206896553, 0.19827586206896553, 0.19827586206896553, 0.19827586206896553, 0.19827586206896553, 0.19827586206896553, 0.19827586206896553, 0.19827586206896553, 0.19827586206896553, 0.19827586206896553, 0.19827586206896553, 0.19827586206896553, 0.19827586206896553, 0.19827586206896553, 0.19827586206896553, 0.19827586206896553, 0.19827586206896553, 0.19827586206896553, 0.19827586206896553, 0.19827586206896553, 0.19827586206896553, 0.19827586206896553, 0.19827586206896553, 0.19827586206896553, 0.19827586206896553, 0.19827586206896553, 0.19827586206896553, 0.19827586206896553, 0.19827586206896553, 0.19827586206896553, 0.19827586206896553, 0.19827586206896553, 0.19827586206896553, 0.19827586206896553, 0.19827586206896553, 0.19827586206896553, 0.19827586206896553, 0.19827586206896553, 0.19827586206896553, 0.19827586206896553, 0.19827586206896553, 0.19827586206896553, 0.19827586206896553, 0.19827586206896553, 0.19827586206896553, 0.19827586206896553, 0.19827586206896553, 0.19827586206896553, 0.19827586206896553, 0.19827586206896553, 0.19827586206896553, 0.19827586206896553, 0.19827586206896553, 0.19827586206896553, 0.19827586206896553, 0.19827586206896553, 0.19827586206896553, 0.19827586206896553, 0.19827586206896553, 0.19827586206896553, 0.19827586206896553, 0.19827586206896553, 0.19827586206896553, 0.19827586206896553, 0.19827586206896553, 0.19827586206896553, 0.19827586206896553, 0.19827586206896553, 0.19827586206896553, 0.19827586206896553, 0.19827586206896553, 0.19827586206896553, 0.19827586206896553, 0.19827586206896553, 0.19827586206896553, 0.19827586206896553, 0.19827586206896553, 0.19827586206896553, 0.19827586206896553, 0.19827586206896553, 0.19827586206896553, 0.19827586206896553, 0.19827586206896553, 0.19827586206896553, 0.19827586206896553, 0.19827586206896553, 0.19827586206896553, 0.19827586206896553, 0.19827586206896553, 0.19827586206896553, 0.19827586206896553, 0.19827586206896553, 0.19827586206896553, 0.19827586206896553, 0.19827586206896553, 0.19827586206896553, 0.19827586206896553, 0.19827586206896553, 0.19827586206896553, 0.19827586206896553, 0.19827586206896553, 0.19827586206896553, 0.19827586206896553, 0.19827586206896553, 0.19827586206896553, 0.19827586206896553, 0.19827586206896553, 0.19827586206896553, 0.19827586206896553, 0.19827586206896553, 0.19827586206896553, 0.19827586206896553, 0.19827586206896553, 0.19827586206896553, 0.19827586206896553, 0.19827586206896553, 0.19827586206896553, 0.19827586206896553, 0.19827586206896553, 0.19827586206896553, 0.19827586206896553, 0.19827586206896553, 0.19827586206896553, 0.19827586206896553, 0.19827586206896553, 0.19827586206896553, 0.19827586206896553, 0.19827586206896553, 0.19827586206896553, 0.19827586206896553, 0.19827586206896553, 0.19827586206896553, 0.19827586206896553, 0.19827586206896553, 0.19827586206896553, 0.19827586206896553, 0.19827586206896553, 0.19827586206896553, 0.19827586206896553, 0.19827586206896553, 0.19827586206896553, 0.19827586206896553, 0.19827586206896553, 0.19827586206896553, 0.19827586206896553, 0.19827586206896553, 0.19827586206896553, 0.19827586206896553, 0.19827586206896553, 0.19827586206896553, 0.19827586206896553, 0.19827586206896553, 0.19827586206896553, 0.19827586206896553, 0.19827586206896553, 0.19827586206896553, 0.19827586206896553, 0.19827586206896553, 0.19827586206896553, 0.19827586206896553, 0.19827586206896553, 0.19827586206896553, 0.19827586206896553, 0.19827586206896553, 0.19827586206896553, 0.19827586206896553, 0.19827586206896553, 0.19827586206896553, 0.19827586206896553, 0.19827586206896553, 0.19827586206896553, 0.19827586206896553, 0.19827586206896553, 0.19827586206896553, 0.19827586206896553, 0.19827586206896553, 0.19827586206896553, 0.19827586206896553, 0.19827586206896553, 0.19827586206896553, 0.19827586206896553, 0.19827586206896553, 0.19827586206896553, 0.19827586206896553, 0.19827586206896553, 0.19827586206896553, 0.19827586206896553, 0.19827586206896553, 0.19827586206896553, 0.19827586206896553, 0.19827586206896553, 0.19827586206896553, 0.19827586206896553, 0.19827586206896553, 0.19827586206896553, 0.19827586206896553, 0.19827586206896553, 0.19827586206896553, 0.19827586206896553, 0.19827586206896553, 0.19827586206896553, 0.19827586206896553, 0.19827586206896553, 0.19827586206896553, 0.19827586206896553, 0.19827586206896553, 0.19827586206896553, 0.19827586206896553, 0.19827586206896553, 0.19827586206896553, 0.19827586206896553, 0.19827586206896553, 0.19827586206896553, 0.19827586206896553, 0.19827586206896553, 0.19827586206896553, 0.19827586206896553, 0.19827586206896553, 0.19827586206896553, 0.19827586206896553, 0.19827586206896553, 0.19827586206896553, 0.19827586206896553, 0.19827586206896553, 0.19827586206896553, 0.19827586206896553, 0.19827586206896553, 0.19827586206896553, 0.19827586206896553, 0.19827586206896553, 0.19827586206896553, 0.19827586206896553, 0.19827586206896553, 0.19827586206896553, 0.19827586206896553, 0.19827586206896553, 0.19827586206896553, 0.19827586206896553, 0.19827586206896553, 0.19827586206896553, 0.19827586206896553, 0.19827586206896553, 0.19827586206896553, 0.19827586206896553, 0.19827586206896553, 0.19827586206896553, 0.19827586206896553, 0.19827586206896553, 0.19827586206896553, 0.19827586206896553, 0.19827586206896553, 0.19827586206896553, 0.19827586206896553, 0.19827586206896553, 0.19827586206896553, 0.19827586206896553, 0.19827586206896553, 0.19827586206896553, 0.19827586206896553, 0.19827586206896553, 0.19827586206896553, 0.19827586206896553, 0.19827586206896553, 0.19827586206896553, 0.19827586206896553, 0.19827586206896553, 0.19827586206896553, 0.19827586206896553, 0.19827586206896553, 0.19827586206896553, 0.19827586206896553, 0.19827586206896553, 0.19827586206896553, 0.19827586206896553, 0.19827586206896553, 0.19827586206896553, 0.19827586206896553, 0.19827586206896553, 0.19827586206896553, 0.19827586206896553, 0.19827586206896553, 0.19827586206896553, 0.19827586206896553, 0.19827586206896553, 0.19827586206896553, 0.19827586206896553, 0.19827586206896553, 0.19827586206896553, 0.19827586206896553, 0.19827586206896553, 0.19827586206896553, 0.19827586206896553, 0.19827586206896553, 0.19827586206896553, 0.19827586206896553, 0.19827586206896553, 0.19827586206896553, 0.19827586206896553, 0.19827586206896553, 0.19827586206896553, 0.19827586206896553, 0.19827586206896553, 0.19827586206896553, 0.19827586206896553, 0.19827586206896553, 0.19827586206896553, 0.19827586206896553, 0.19827586206896553, 0.19827586206896553, 0.19827586206896553, 0.19827586206896553, 0.19827586206896553, 0.19827586206896553, 0.19827586206896553, 0.19827586206896553, 0.19827586206896553, 0.19827586206896553, 0.19827586206896553, 0.19827586206896553, 0.19827586206896553, 0.19827586206896553, 0.19827586206896553, 0.19827586206896553, 0.19827586206896553, 0.19827586206896553, 0.19827586206896553, 0.19827586206896553, 0.19827586206896553, 0.19827586206896553, 0.19827586206896553, 0.19827586206896553, 0.19827586206896553, 0.19827586206896553, 0.19827586206896553, 0.19827586206896553, 0.19827586206896553, 0.19827586206896553, 0.19827586206896553, 0.19827586206896553,