```python
import numpy as np
import scipy.optimize as optimize
from scipy.optimize import minimize
import time

# Pre-imported initial_h_values (n=100 samples)
initial_h_values = np.array([0.0, 0.0, 0.0, 0.0, 0.0, 0.0, 0.0, 0.0, 0.0, 0.0, 0.0, 0.0, 0.0, 0.0, 0.0, 0.0, 0.0, 0.0, 0.0, 0.0,
                             0.0, 0.0, 0.0, 0.0, 0.0, 0.0, 0.0, 0.0, 0.0, 0.0, 0.0, 0.0, 0.0, 0.0, 0.0, 0.0, 0.0, 0.0, 0.0, 0.0,
                             0.0, 0.0, 0.0, 0.0, 0.0, 0.0, 0.0, 0.0, 0.0, 0.0, 0.0, 0.0, 0.0, 0.0, 0.0, 0.0, 0.0, 0.0, 0.0, 0.0,
                             0.0, 0.0, 0.0, 0.0, 0.0, 0.0, 0.0, 0.0, 0.0, 0.0, 0.0, 0.0, 0.0, 0.0, 0.0, 0.0, 0.0, 0.0, 0.0, 0.0,
                             0.0, 0.0, 0.0, 0.0, 0.0, 0.0, 0.0, 0.0, 0.0, 0.0, 0.0, 0.0, 0.0, 0.0, 0.0, 0.0, 0.0, 0.0, 0.0, 0.0,
                             0.0, 0.0, 0.0, 0.0, 0.0, 0.0, 0.0, 0.0, 0.0, 0.0, 0.0, 0.0, 0.0, 0.0, 0.0, 0.0, 0.0, 0.0, 0.0, 0.0,
                             0.0, 0.0, 0.0, 0.0, 0.0, 0.0, 0.0, 0.0, 0.0, 0.0, 0.0, 0.0, 0.0, 0.0, 0.0, 0.0, 0.0, 0.0, 0.0, 0.0,
                             0.0, 0.0, 0.0, 0.0, 0.0, 0.0, 0.0, 0.0, 0.0, 0.0, 0.0, 0.0, 0.0, 0.0, 0.0, 0.0, 0.0, 0.0, 0.0, 0.0,
                             0.0, 0.0, 0.0, 0.0, 0.0, 0.0, 0.0, 0.0, 0.0, 0.0, 0.0, 0.0, 0.0, 0.0, 0.0, 0.0, 0.0, 0.0, 0.0, 0.0,
                             0.0, 0.0, 0.0, 0.0, 0.0, 0.0, 0.0, 0.0, 0.0, 0.0, 0.0, 0.0, 0.0, 0.0, 0.0, 0.0, 0.0, 0.0, 0.0, 0.0,
                             0.0, 0.0, 0.0, 0.0, 0.0, 0.0, 0.0, 0.0, 0.0, 0.0, 0.0, 0.0, 0.0, 0.0, 0.0, 0.0, 0.0, 0.0, 0.0, 0.0,
                             0.0, 0.0, 0.0, 0.0, 0.0, 0.0, 0.0, 0.0, 0.0, 0.0, 0.0, 0.0, 0.0, 0.0, 0.0, 0.0, 0.0, 0.0, 0.0, 0.0,
                             0.0, 0.0, 0.0, 0.0, 0.0, 0.0, 0.0, 0.0, 0.0, 0.0, 0.0, 0.0, 0.0, 0.0, 0.0, 0.0, 0.0, 0.0, 0.0, 0.0,
                             0.0, 0.0, 0.0, 0.0, 0.0, 0.0, 0.0, 0.0, 0.0, 0.0, 0.0, 0.0, 0.0, 0.0, 0.0, 0.0, 0.0, 0.0, 0.0, 0.0,
                             0.0, 0.0, 0.0, 0.0, 0.0, 0.0, 0.0, 0.0, 0.0, 0.0, 0.0, 0.0, 0.0, 0.0, 0.0, 0.0, 0.0, 0.0, 0.0, 0.0,
                             0.0, 0.0, 0.0, 0.0, 0.0, 0.0, 0.0, 0.0, 0.0, 0.0, 0.0, 0.0, 0.0, 0.0, 0.0, 0.0, 0.0, 0.0, 0.0, 0.0,
                             0.0, 0.0, 0.0, 0.0, 0.0, 0.0, 0.0, 0.0, 0.0, 0.0, 0.0, 0.0, 0.0, 0.0, 0.0, 0.0, 0.0, 0.0, 0.0, 0.0,
                             0.0, 0.0, 0.0, 0.0, 0.0, 0.0, 0.0, 0.0, 0.0, 0.0, 0.0, 0.0, 0.0, 0.0, 0.0, 0.0, 0.0, 0.0, 0.0, 0.0,
                             0.0, 0.0, 0.0, 0.0, 0.0, 0.0, 0.0, 0.0, 0.0, 0.0, 0.0, 0.0, 0.0, 0.0, 0.0, 0.0, 0.0, 0.0, 0.0, 0.0,
                             0.0, 0.0, 0.0, 0.0, 0.0, 0.0, 0.0, 0.0, 0.0, 0.0, 0.0, 0.0, 0.0, 0.0, 0.0, 0.0, 0.0, 0.0, 0.0, 0.0,
                             0.0, 0.0, 0.0, 0.0, 0.0, 0.0, 0.0, 0.0, 0.0, 0.0, 0.0, 0.0, 0.0, 0.0, 0.0, 0.0, 0.0, 0.0, 0.0, 0.0,
                             0.0, 0.0, 0.0, 0.0, 0.0, 0.0, 0.0, 0.0, 0.0, 0.0, 0.0, 0.0, 0.0, 0.0, 0.0, 0.0, 0.0, 0.0, 0.0, 0.0,
                             0.0, 0.0, 0.0, 0.0, 0.0, 0.0, 0.0, 0.0, 0.0, 0.0, 0.0, 0.0, 0.0, 0.0, 0.0, 0.0, 0.0, 0.0, 0.0, 0.0,
                             0.0, 0.0, 0.0, 0.0, 0.0, 0.0, 0.0, 0.0, 0.0, 0.0, 0.0, 0.0, 0.0, 0.0, 0.0, 0.0, 0.0, 0.0, 0.0, 0.0,
                             0.0, 0.0, 0.0, 0.0, 0.0, 0.0, 0.0, 0.0, 0.0, 0.0, 0.0, 0.0, 0.0, 0.0, 0.0, 0.0, 0.0, 0.0, 0.0, 0.0,
                             0.0, 0.0, 0.0, 0.0, 0.0, 0.0, 0.0, 0.0, 0.0, 0.0, 0.0, 0.0, 0.0, 0.0, 0.0, 0.0, 0.0, 0.0, 0.0, 0.0,
                             0.0, 0.0, 0.0, 0.0, 0.0, 0.0, 0.0, 0.0, 0.0, 0.0, 0.0, 0.0, 0.0, 0.0, 0.0, 0.0, 0.0, 0.0, 0.0, 0.0,
                             0.0, 0.0, 0.0, 0.0, 0.0, 0.0, 0.0, 0.0, 0.0, 0.0, 0.0, 0.0, 0.0, 0.0, 0.0, 0.0, 0.0, 0.0, 0.0, 0.0,
                             0.0, 0.0, 0.0, 0.0, 0.0, 0.0, 0.0, 0.0, 0.0, 0.0, 0.0, 0.0, 0.0, 0.0, 0.0, 0.0, 0.0, 0.0, 0.0, 0.0,
                             0.0, 0.0, 0.0, 0.0, 0.0, 0.0, 0.0, 0.0, 0.0, 0.0, 0.0, 0.0, 0.0, 0.0, 0.0, 0.0, 0.0, 0.0, 0.0, 0.0,
                             0.0, 0.0, 0.0, 0.0, 0.0, 0.0, 0.0, 0.0, 0.0, 0.0, 0.0, 0.0, 0.0, 0.0, 0.0, 0.0, 0.0, 0.0, 0.0, 0.0,
                             0.0, 0.0, 0.0, 0.0, 0.0, 0.0, 0.0, 0.0, 0.0, 0.0, 0.0, 0.0, 0.0, 0.0, 0.0, 0.0, 0.0, 0.0, 0.0, 0.0,
                             0.0, 0.0, 0.0, 0.0, 0.0, 0.0, 0.0, 0.0, 0.0, 0.0, 0.0, 0.0, 0.0, 0.0, 0.0, 0.0, 0.0, 0.0, 0.0, 0.0,
                             0.0, 0.0, 0.0, 0.0, 0.0, 0.0, 0.0, 0.0, 0.0, 0.0, 0.0, 0.0, 0.0, 0.0, 0.0, 0.0, 0.0, 0.0, 0.0, 0.0,
                             0.0, 0.0, 0.0, 0.0, 0.0, 0.0, 0.0, 0.0, 0.0, 0.0, 0.0, 0.0, 0.0, 0.0, 0.0, 0.0, 0.0, 0.0, 0.0, 0.0,
                             0.0, 0.0, 0.0, 0.0, 0.0, 0.0, 0.0, 0.0, 0.0, 0.0, 0.0, 0.0, 0.0, 0.0, 0.0, 0.0, 0.0, 0.0, 0.0, 0.0,
                             0.0, 0.0, 0.0, 0.0, 0.0, 0.0, 0.0, 0.0, 0.0, 0.0, 0.0, 0.0, 0.0, 0.0, 0.0, 0.0, 0.0, 0.0, 0.0, 0.0,
                             0.0, 0.0, 0.0, 0.0, 0.0, 0.0, 0.0, 0.0, 0.0, 0.0, 0.0, 0.0, 0.0, 0.0, 0.0, 0.0, 0.0, 0.0, 0.0, 0.0,
                             0.0, 0.0, 0.0, 0.0, 0.0, 0.0, 0.0, 0.0, 0.0, 0.0, 0.0, 0.0, 0.0, 0.0, 0.0, 0.0, 0.0, 0.0, 0.0, 0.0,
                             0.0, 0.0, 0.0, 0.0, 0.0, 0.0, 0.0, 0.0, 0.0, 0.0, 0.0, 0.0, 0.0, 0.0, 0.0, 0.0, 0.0, 0.0, 0.0, 0.0,
                             0.0, 0.0, 0.0, 0.0, 0.0, 0.0, 0.0, 0.0, 0.0, 0.0, 0.0, 0.0, 0.0, 0.0, 0.0, 0.0, 0.0, 0.0, 0.0, 0.0,
                             0.0, 0.0, 0.0, 0.0, 0.0, 0.0, 0.0, 0.0, 0.0, 0.0, 0.0, 0.0, 0.0, 0.0, 0.0, 0.0, 0.0, 0.0, 0.0, 0.0,
                             0.0, 0.0, 0.0, 0.0, 0.0, 0.0, 0.0, 0.0, 0.0, 0.0, 0.0, 0.0, 0.0, 0.0, 0.0, 0.0, 0.0, 0.0, 0.0, 0.0,
                             0.0, 0.0, 0.0, 0.0, 0.0, 0.0, 0.0, 0.0, 0.0, 0.0, 0.0, 0.0, 0.0, 0.0, 0.0, 0.0, 0.0, 0.0, 0.0, 0.0,
                             0.0, 0.0, 0.0, 0.0, 0.0, 0.0, 0.0, 0.0, 0.0, 0.0, 0.0, 0.0, 0.0, 0.0, 0.0, 0.0, 0.0, 0.0, 0.0, 0.0,
                             0.0, 0.0, 0.0, 0.0, 0.0, 0.0, 0.0, 0.0, 0.0, 0.0, 0.0, 0.0, 0.0, 0.0, 0.0, 0.0, 0.0, 0.0, 0.0, 0.0,
                             0.0, 0.0, 0.0, 0.0, 0.0, 0.0, 0.0, 0.0, 0.0, 0.0, 0.0, 0.0, 0.0, 0.0, 0.0, 0.0, 0.0, 0.0, 0.0, 0.0,
                             0.0, 0.0, 0.0, 0.0, 0.0, 0.0, 0.0, 0.0, 0.0, 0.0, 0.0, 0.0, 0.0, 0.0, 0.0, 0.0, 0.0, 0.0, 0.0, 0.0,
                             0.0, 0.0, 0.0, 0.0, 0.0, 0.0, 0.0, 0.0, 0.0, 0.0, 0.0, 0.0, 0.0, 0.0, 0.0, 0.0, 0.0, 0.0, 0.0, 0.0,
                             0.0, 0.0, 0.0, 0.0, 0.0, 0.0, 0.0, 0.0, 0.0, 0.0, 0.0, 0.0, 0.0, 0.0, 0.0, 0.0, 0.0, 0.0, 0.0, 0.0,
                             0.0, 0.0, 0.0, 0.0, 0.0, 0.0, 0.0, 0.0, 0.0, 0.0, 0.0, 0.0, 0.0, 0.0, 0.0, 0.0, 0.0, 0.0, 0.0, 0.0,
                             0.0, 0.0, 0.0, 0.0, 0.0, 0.0, 0.0, 0.0, 0.0, 0.0, 0.0, 0.0, 0.0, 0.0, 0.0, 0.0, 0.0, 0.0, 0.0, 0.0,
                             0.0, 0.0, 0.0, 0.0, 0.0, 0.0, 0.0, 0.0, 0.0, 0.0, 0.0, 0.0, 0.0, 0.0, 0.0, 0.0, 0.0, 0.0, 0.0, 0.0,
                             0.0, 0.0, 0.0, 0.0, 0.0, 0.0, 0.0, 0.0, 0.0, 0.0, 0.0, 0.0, 0.0, 0.0, 0.0, 0.0, 0.0, 0.0, 0.0, 0.0,
                             0.0, 0.0, 0.0, 0.0, 0.0, 0.0, 0.0, 0.0, 0.0, 0.0, 0.0, 0.0, 0.0, 0.0, 0.0, 0.0, 0.0, 0.0, 0.0, 0.0,
                             0.0, 0.0, 0.0, 0.0, 0.0, 0.0, 0.0, 0.0, 0.0, 0.0, 0.0, 0.0, 0.0, 0.0, 0.0, 0.0, 0.0, 0.0, 0.0, 0.0,
                             0.0, 0.0, 0.0, 0.0, 0.0, 0.0, 0.0, 0.0, 0.0, 0.0, 0.0, 0.0, 0.0, 0.0, 0.0, 0.0, 0.0, 0.0, 0.0, 0.0,
                             0.0, 0.0, 0.0, 0.0, 0.0, 0.0, 0.0, 0.0, 0.0, 0.0, 0.0, 0.0, 0.0, 0.0, 0.0, 0.0, 0.0, 0.0, 0.0, 0.0,
                             0.0, 0.0, 0.0, 0.0, 0.0, 0.0, 0.0, 0.0, 0.0, 0.0, 0.0, 0.0, 0.0, 0.0, 0.0, 0.0, 0.0, 0.0, 0.0, 0.0,
                             0.0, 0.0, 0.0, 0.0, 0.0, 0.0, 0.0, 0.0, 0.0, 0.0, 0.0, 0.0, 0.0, 0.0, 0.0, 0.0, 0.0, 0.0, 0.0, 0.0,
                             0.0, 0.0, 0.0, 0.0, 0.0, 0.0, 0.0, 0.0, 0.0, 0.0, 0.0, 0.0, 0.0, 0.0, 0.0, 0.0, 0.0, 0.0, 0.0, 0.0,
                             0.0, 0.0, 0.0, 0.0, 0.0, 0.0, 0.0, 0.0, 0.0, 0.0, 0.0, 0.0, 0.0, 0.0, 0.0, 0.0, 0.0, 0.0, 0.0, 0.0,
                             0.0, 0.0, 0.0, 0.0, 0.0, 0.0, 0.0, 0.0, 0.0, 0.0, 0.0, 0.0, 0.0, 0.0, 0.0, 0.0, 0.0, 0.0, 0.0, 0.0,
                             0.0, 0.0, 0.0, 0.0, 0.0, 0.0, 0.0, 0.0, 0.0, 0.0, 0.0, 0.0, 0.0, 0.0, 0.0, 0.0, 0.0, 0.0, 0.0, 0.0,
                             0.0, 0.0, 0.0, 0.0, 0.0, 0.0, 0.0, 0.0, 0.0, 0.0, 0.0, 0.0, 0.0, 0.0, 0.0, 0.0, 0.0, 0.0, 0.0, 0.0,
                             0.0, 0.0, 0.0, 0.0, 0.0, 0.0, 0.0, 0.0, 0.0, 0.0, 0.0, 0.0, 0.0, 0.0, 0.0, 0.0, 0.0, 0.0, 0.0, 0.0,
                             0.0, 0.0, 0.0, 0.0, 0.0, 0.0, 0.0, 0.0, 0.0, 0.0, 0.0, 0.0, 0.0, 0.0, 0.0, 0.0, 0.0, 0.0, 0.0, 0.0,
                             0.0, 0.0, 0.0, 0.0, 0.0, 0.0, 0.0, 0.0, 0.0, 0.0, 0.0, 0.0, 0.0, 0.0, 0.0, 0.0, 0.0, 0.0, 0.0, 0.0,
                             0.0, 0.0, 0.0, 0.0, 0.0, 0.0, 0.0, 0.0, 0.0, 0.0, 0.0, 0.0, 0.0, 0.0, 0.0, 0.0, 0.0, 0.0, 0.0, 0.0,
                             0.0, 0.0, 0.0, 0.0, 0.0, 0.0, 0.0, 0.0, 0.0, 0.0, 0.0, 0.0, 0.0, 0.0, 0.0, 0.0, 0.0, 0.0, 0.0, 0.0,
                             0.0, 0.0, 0.0, 0.0, 0.0, 0.0, 0.0, 0.0, 0.0, 0.0, 0.0, 0.0, 0.0, 0.0, 0.0, 0.0, 0.0, 0.0, 0.0, 0.0,
                             0.0, 0.0, 0.0, 0.0, 0.0, 0.0, 0.0, 0.0, 0.0, 0.0, 0.0, 0.0, 0.0, 0.0, 0.0, 0.0, 0.0, 0.0, 0.0, 0.0,
                             0.0, 0.0, 0.0, 0.0, 0.0, 0.0, 0.0, 0.0, 0.0, 0.0, 0.0, 0.0, 0.0, 0.0, 0.0, 0.0, 0.0, 0.0, 0.0, 0.0,
                             0.0, 0.0, 0.0, 0.0, 0.0, 0.0, 0.0, 0.0, 0.0, 0.0, 0.0, 0.0, 0.0, 0.0, 0.0, 0.0, 0.0, 0.0, 0.0, 0.0,
                             0.0, 0.0, 0.0, 0.0, 0.0, 0.0, 0.0, 0.0, 0.0, 0.0, 0.0, 0.0, 0.0, 0.0, 0.0, 0.0, 0.0, 0.0, 0.0, 0.0,
                             0.0, 0.0, 0.0, 0.0, 0.0, 0.0, 0.0, 0.0, 0.0, 0.0, 0.0, 0.0, 0.0, 0.0, 0.0, 0.0, 0.0, 0.0, 0.0, 0.0,
                             0.0, 0.0, 0.0, 0.0, 0.0, 0.0, 0.0, 0.0, 0.0, 0.0, 0.0, 0.0, 0.0, 0.0, 0.0, 0.0, 0.0, 0.0, 0.0, 0.0,
                             0.0, 0.0, 0.0, 0.0, 0.0, 0.0, 0.0, 0.0, 0.0, 0.0, 0.0, 0.0, 0.0, 0.0, 0.0, 0.0, 0.0, 0.0, 0.0, 0.0,
                             0.0, 0.0, 0.0, 0.0, 0.0, 0.0, 0.0, 0.0, 0.0, 0.0, 0.0, 0.0, 0.0, 0.0, 0.0, 0.0, 0.0, 0.0, 0.0, 0.0,
                             0.0, 0.0, 0.0, 0.0, 0.0, 0.0, 0.0, 0.0, 0.0, 0.0, 0.0, 0.0, 0.0, 0.0, 0.0, 0.0, 0.0, 0.0, 0.0, 0.0,
                             0.0, 0.0, 0.0, 0.0, 0.0, 0.0, 0.0, 0.0, 0.0, 0.0, 0.0, 0.0, 0.0, 0.0, 0.0, 0.0, 0.0, 0.0, 0.0, 0.0,
                             0.0, 0.0, 0.0, 0.0, 0.0, 0.0, 0.0, 0.0, 0.0, 0.0, 0.0, 0.0, 0.0, 0.0, 0.0, 0.0, 0.0, 0.0, 0.0, 0.0,
                             0.0, 0.0, 0.0, 0.0, 0.0, 0.0, 0.0, 0.0, 0.0, 0.0, 0.0, 0.0, 0.0, 0.0, 0.0, 0.0, 0.0, 0.0, 0.0, 0.0,
                             0.0, 0.0, 0.0, 0.0, 0.0, 0.0, 0.0, 0.0, 0.0, 0.0, 0.0, 0.0, 0.0, 0.0, 0.0, 0.0, 0.0, 0.0, 0.0, 0.0,
                             0.0, 0.0, 0.0, 0.0, 0.0, 0.0, 0.0, 0.0, 0.0, 0.0, 0.0, 0.0, 0.0, 0.0, 0.0, 0.0, 0.0, 0.0, 0.0, 0.0,
                             0.0, 0.0, 0.0, 0.0, 0.0, 0.0, 0.0, 0.0, 0.0, 0.0, 0.0, 0.0, 0.0, 0.0, 0.0, 0.0, 0.0, 0.0, 0.0, 0.0,
                             0.0, 0.0, 0.0, 0.0, 0.0, 0.0, 0.0, 0.0, 0.0, 0.0, 0.0, 0.0, 0.0, 0.0, 0.0, 0.0, 0.0, 0.0, 0.0, 0.0,
                             0.0, 0.0, 0.0, 0.0, 0.0, 0.0, 0.0, 0.0, 0.0, 0.0, 0.0, 0.0, 0.0, 0.0, 0.0, 0.0, 0.0, 0.0, 0.0, 0.0,
                             0.0, 0.0, 0.0, 0.0, 0.0, 0.0, 0.0, 0.0, 0.0, 0.0, 0.0, 0.0, 0.0, 0.0, 0.0, 0.0, 0.0, 0.0, 0.0, 0.0,
                             0.0, 0.0, 0.0, 0.0, 0.0, 0.0, 0.0, 0.0, 0.0, 0.0, 0.0, 0.0, 0.0, 0.0, 0.0, 0.0, 0.0, 0.0, 0.0, 0.0,
                             0.0, 0.0, 0.0, 0.0, 0.0, 0.0, 0.0, 0.0, 0.0, 0.0, 0.0, 0.0, 0.0, 0.0, 0.0, 0.0, 0.0, 0.0, 0.0, 0.0,
                             0.0, 0.0, 0.0, 0.0, 0.0, 0.0, 0.0, 0.0, 0.0, 0.0, 0.0, 0.0, 0.0, 0.0, 0.0, 0.0, 0.0, 0.0, 0.0, 0.0,
                             0.0, 0.0, 0.0, 0.0, 0.0, 0.0, 0.0, 0.0, 0.0, 0.0, 0.0, 0.0, 0.0, 0.0, 0.0, 0.0, 0.0, 0.0, 0.0, 0.0,
                             0.0, 0.0, 0.0, 0.0, 0.0, 0.0, 0.0, 0.0, 0.0, 0.0, 0.0, 0.0, 0.0, 0.0, 0.0, 0.0, 0.0, 0.0, 0.0, 0.0,
                             0.0, 0.0, 0.0, 0.0, 0.0, 0.0, 0.0, 0.0, 0.0, 0.0, 0.0, 0.0, 0.0, 0.0, 0.0, 0.0, 0.0, 0.0, 0.0, 0.0,
                             0.0, 0.0, 0.0, 0.0, 0.0, 0.0, 0.0, 0.0, 0.0, 0.0, 0.0, 0.0, 0.0, 0.0, 0.0, 0.0, 0.0, 0.0, 0.0, 0.0,
                             0.0, 0.0, 0.0, 0.0, 0.0, 0.0, 0.0, 0.0, 0.0, 0.0, 0.0, 0.0, 0.0, 0.0, 0.0, 0.0, 0.0, 0.0, 0.0, 0.0,
                             0.0, 0.0, 0.0, 0.0, 0.0, 0.0, 0.0, 0.0, 0.0, 0.0, 0.0, 0.0, 0.0, 0.0, 0.0, 0.0, 0.0, 0.0, 0.0, 0.0,
                             0.0, 0.0, 0.0, 0.0, 0.0, 0.0, 0.0, 0.0, 0.0, 0.0, 0.0, 0.0, 0.0, 0.0, 0.0, 0.0, 0.0, 0.0, 0.0, 0.0,
                             0.0, 0.0, 0.0, 0.0, 0.0, 0.0, 0.0, 0.0, 0.0, 0.0, 0.0, 0.0, 0.0, 0.0, 0.0, 0.0, 0.0, 0.0, 0.0, 0.0,
                             0.0, 0.0, 0.0, 0.0, 0.0, 0.0, 0.0, 0.0, 0.0, 0.0, 0.0, 0.0, 0.0, 0.0, 0.0, 0.0, 0.0, 0.0, 0.0, 0.0,
                             0.0, 0.0, 0.0, 0.0, 0.0, 0.0, 0.0, 0.0, 0.0, 0.0, 0.0, 0.0, 0.0, 0.0, 0.0, 0.0, 0.0, 0.0, 0.0, 0.0,
                             0.0, 0.0, 0.0, 0.0, 0.0, 0.0, 0.0, 0.0, 0.0, 0.0, 0.0, 0.0, 0.0, 0.0, 0.0, 0.0, 0.0, 0.0, 0.0, 0.0,
                             0.0, 0.0, 0.0, 0.0, 0.0, 0.0, 0.0, 0.0, 0.0, 0.0, 0.0, 0.0, 0.0, 0.0, 0.0, 0.0, 0.0, 0.0, 0.0, 0.0,
                             0.0, 0.0, 0.0, 0.0, 0.0, 0.0, 0.0, 0.0, 0.0, 0.0, 0.0, 0.0, 0.0, 0.0, 0.0, 0.0, 0.0, 0.0, 0.0, 0.0,
                             0.0, 0.0, 0.0, 0.0, 0.0, 0.0, 0.0, 0.0, 0.0, 0.0, 0.0, 0.0, 0.0, 0.0, 0.0, 0.0, 0.0, 0.0, 0.0, 0.0,
                             0.0, 0.0, 0.0, 0.0, 0.0, 0.0, 0.0, 0.0, 0.0, 0.0, 0.0, 0.0, 0.0, 0.0, 0.0, 0.0, 0.0, 0.0, 0.0, 0.0,
                             0.0, 0.0, 0.0, 0.0, 0.0, 0.0, 0.0, 0.0, 0.0, 0.0, 0.0, 0.0, 0.0, 0.0, 0.0, 0.0, 0.0, 0.0, 0.0, 0.0,
                             0.0, 0.0, 0.0, 0.0, 0.0, 0.0, 0.0, 0.0, 0.0, 0.0, 0.0, 0.0, 0.0, 0.0, 0.0, 0.0, 0.0, 0.0, 0.0, 0.0,
                             0.0, 0.0, 0.0, 0.0, 0.0, 0.0, 0.0, 0.0, 0.0, 0.0, 0.0, 0.0, 0.0, 0.0, 0.0, 0.0, 0.0, 0.0, 0.0, 0.0,
                             0.0, 0.0, 0.0, 0.0, 0.0, 0.0, 0.0, 0.0, 0.0, 0.0, 0.0, 0.0, 0.0, 0.0, 0.0, 0.0, 0.0, 0.0, 0.0, 0.0,
                             0.0, 0.0, 0.0, 0.0, 0.0, 0.0, 0.0, 0.0, 0.0, 0.0, 0.0, 0.0, 0.0, 0.0, 0.0, 0.0, 0.0, 0.0, 0.0, 0.0,
                             0.0, 0.0, 0.0, 0.0, 0.0, 0.0, 0.0, 0.0, 0.0, 0.0, 0.0, 0.0, 0.0, 0.0, 0.0, 0.0, 0.0, 0.0, 0.0, 0.0,
                             0.0, 0.0, 0.0, 0.0, 0.0, 0.0, 0.0, 0.0, 0.0, 0.0, 0.0, 0.0, 0.0, 0.0, 0.0, 0.0, 0.0, 0.0, 0.0, 0.0,
                             0.0, 0.0, 0.0, 0.0, 0.0, 0.0, 0.0, 0.0, 0.0, 0.0, 0.0, 0.0, 0.0, 0.0, 0.0, 0.0, 0.0, 0.0, 0.0, 0.0,
                             0.0, 0.0, 0.0, 0.0, 0.0, 0.0, 0.0, 0.0, 0.0, 0.0, 0.0, 0.0, 0.0, 0.0, 0.0, 0.0, 0.0, 0.0, 0.0, 0.0,
                             0.0, 0.0, 0.0, 0.0, 0.0, 0.0, 0.0, 0.0, 0.0, 0.0, 0.0, 0.0, 0.0, 0.0, 0.0, 0.0, 0.0, 0.0, 0.0, 0.0,
                             0.0, 0.0, 0.0, 0.0, 0.0, 0.0, 0.0, 0.0, 0.0, 0.0, 0.0, 0.0, 0.0, 0.0, 0.0, 0.0, 0.0, 0.0, 0.0, 0.0,
                             0.0, 0.0, 0.0, 0.0, 0.0, 0.0, 0.0, 0.0, 0.0, 0.0, 0.0, 0.0, 0.0, 0.0, 0.0, 0.0, 0.0, 0.0, 0.0, 0.0,
                             0.0, 0.0, 0.0, 0.0, 0.0, 0.0, 0.0, 0.0, 0.0, 0.0, 0.0, 0.0, 0.0, 0.0, 0.0, 0.0, 0.0, 0.0, 0.0, 0.0,
                             0.0, 0.0, 0.0, 0.0, 0.0, 0.0, 0.0, 0.0, 0.0, 0.0, 0.0, 0.0, 0.0, 0.0, 0.0, 0.0, 0.0, 0.0, 0.0, 0.0,
                             0.0, 0.0, 0.0, 0.0, 0.0, 0.0, 0.0, 0.0, 0.0, 0.0, 0.0, 0.0, 0.0, 0.0, 0.0, 0.0, 0.0, 0.0, 0.0, 0.0,
                             0.0, 0.0, 0.0, 0.0, 0.0, 0.0, 0.0, 0.0, 0.0, 0.0, 0.0, 0.0, 0.0, 0.0, 0.0, 0.0, 0.0, 0.0, 0.0, 0.0,
                             0.0, 0.0, 0.0, 0.0, 0.0, 0.0, 0.0, 0.0, 0.0, 0.0, 0.0, 0.0, 0.0, 0.0, 0.0, 0.0, 0.0, 0.0, 0.0, 0.0,
                             0.0, 0.0, 0.0, 0.0, 0.0, 0.0, 0.0, 0.0, 0.0, 0.0, 0.0, 0.0, 0.0, 0.0, 0.0, 0.0, 0.0, 0.0, 0.0, 0.0,
                             0.0, 0.0, 0.0, 0.0, 0.0, 0.0, 0.0, 0.0, 0.0, 0.0, 0.0, 0.0, 0.0, 0.0, 0.0, 0.0, 0.0, 0.0, 0.0, 0.0,
                             0.0, 0.0, 0.0, 0.0, 0.0, 0.0, 0.0, 0.0, 0.0, 0.0, 0.0, 0.0, 0.0, 0.0, 0.0, 0.0, 0.0, 0.0, 0.0, 0.0,
                             0.0, 0.0, 0.0, 0.0, 0.0, 0.0, 0.0, 0.0, 0.0, 0.0, 0.0, 0.0, 0.0, 0.0, 0.0, 0.0, 0.0, 0.0, 0.0, 0.0,
                             0.0, 0.0, 0.0, 0.0, 0.0, 0.0, 0.0, 0.0, 0.0, 0.0, 0.0, 0.0, 0.0, 0.0, 0.0, 0.0, 0.0, 0.0, 0.0, 0.0,
                             0.0, 0.0, 0.0, 0.0, 0.0, 0.0, 0.0, 0.0, 0.0, 0.0, 0.0, 0.0, 0.0, 0.0, 0.0, 0.0, 0.0, 0.0, 0.0, 0.0,
                             0.0, 0.0, 0.0, 0.0, 0.0, 0.0, 0.0, 0.0, 0.0, 0.0, 0.0, 0.0, 0.0, 0.0, 0.0, 0.0, 0.0, 0.0, 0.0, 0.0,
                             0.0, 0.0, 0.0, 0.0, 0.0, 0.0, 0.0, 0.0, 0.0, 0.0, 0.0, 0.0, 0.0, 0.0, 0.0, 0.0, 0.0, 0.0, 0.0, 0.0,
                             0.0, 0.0, 0.0, 0.0, 0.0, 0.0, 0.0, 0.0, 0.0, 0.0, 0.0, 0.0, 0.0, 0.0, 0.0, 0.0, 0.0, 0.0, 0.0, 0.0,
                             0.0, 0.0, 0.0, 0.0, 0.0, 0.0, 0.0, 0.0, 0.0, 0.0, 0.0, 0.0, 0.0, 0.0, 0.0, 0.0, 0.0, 0.0, 0.0, 0.0,
                             0.0, 0.0, 0.0, 0.0, 0.0, 0.0, 0.0, 0.0, 0.0, 0.0, 0.0, 0.0, 0.0, 0.0,  0.08434955903959851,  0.08434955903959851,
                             0.08434955903959851, 0.08434955903959851, 0.08434955903959851, 0.08434955903959851, 0.08434955903959851, 0.08434955903959851,
                             0.08434955903959851, 0.08434955903959851, 0.08434955903959851, 0.08434955903959851, 0.08434955903959851, 0.08434955903959851,
                             0.08434955903959851, 0.08434955903959851, 0.08434955903959851, 0.08434955903959851, 0.08434955903959851, 0.08434955903959851,
                             0.08434955903959851, 0.08434955903959851, 0.08434955903959851, 0.08434955903959851, 0.08434955903959851, 0.08434955903959851,
                             0.08434955903959851, 0.08434955903959851, 0.08434955903959851, 0.08434955903959851, 0.08434955903959851, 0.08434955903959851,
                             0.08434955903959851, 0.08434955903959851, 0.08434955903959851, 0.08434955903959851, 0.08434955903959851, 0.08434955903959851,
                             0.08434955903959851, 0.08434955903959851, 0.08434955903959851, 0.08434955903959851, 0.08434955903959851, 0.08434955903959851,
                             0.08434955903959851, 0.08434955903959851, 0.08434955903959851, 0.08434955903959851, 0.08434955903959851, 0.08434955903959851,
                             0.08434955903959851, 0.08434955903959851, 0.08434955903959851, 0.08434955903959851, 0.08434955903959851, 0.08434955903959851,
                             0.08434955903959851, 0.08434955903959851, 0.08434955903959851, 0.08434955903959851, 0.08434955903959851, 0.08434955903959851,
                             0.08434955903959851, 0.08434955903959851, 0.08434955903959851, 0.08434955903959851, 0.08434955903959851, 0.08434955903959851,
                             0.08434955903959851, 0.08434955903959851, 0.08434955903959851, 0.08434955903959851, 0.08434955903959851, 0.08434955903959851,
                             0.08434955903959851, 0.08434955903959851, 0.08434955903959851, 0.08434955903959851, 0.08434955903959851, 0.08434955903959851,
                             0.08434955903959851, 0.08434955903959851, 0.08434955903959851, 0.08434955903959851, 0.08434955903959851, 0.08434955903959851,
                             0.08434955903959851, 0.08434955903959851, 0.08434955903959851, 0.08434955903959851, 0.08434955903959851, 0.08434955903959851,
                             0.08434955903959851, 0.08434955903959851, 0.08434955903959851, 0.08434955903959851, 0.08434955903959851, 0.08434955903959851,
                             0.08434955903959851, 0.08434955903959851, 0.08434955903959851, 0.08434955903959851, 0.08434955903959851, 0.08434955903959851,
                             0.08434955903959851, 0.08434955903959851, 0.08434955903959851, 0.08434955903959851, 0.08434955903959851, 0.08434955903959851,
                             0.08434955903959851, 0.08434955903959851, 0.08434955903959851, 0.08434955903959851, 0.08434955903959851, 0.08434955903959851,
                             0.08434955903959851, 0.08434955903959851, 0.08434955903959851, 0.08434955903959851, 0.08434955903959851, 0.08434955903959851,
                             0.08434955903959851, 0.08434955903959851, 0.08434955903959851, 0.08434955903959851, 0.08434955903959851, 0.08434955903959851,
                             0.08434955903959851, 0.08434955903959851, 0.08434955903959851, 0.08434955903959851, 0.08434955903959851, 0.08434955903959851,
                             0.08434955903959851, 0.08434955903959851, 0.08434955903959851, 0.08434955903959851, 0.08434955903959851, 0.08434955903959851,
                             0.08434955903959851, 0.08434955903959851, 0.08434955903959851, 0.08434955903959851, 0.08434955903959851, 0.08434955903959851,
                             0.08434955903959851, 0.08434955903959851, 0.08434955903959851, 0.08434955903959851, 0.08434955903959851, 0.08434955903959851,
                             0.08434955903959851, 0.08434955903959851, 0.08434955903959851, 0.08434955903959851, 0.08434955903959851, 0.08434955903959851,
                             0.08434955903959851, 0.08434955903959851, 0.08434955903959851, 0.08434955903959851, 0.08434955903959851, 0.08434955903959851,
                             0.08434955903959851, 0.08434955903959851, 0.08434955903959851, 0.08434955903959851, 0.08434955903959851, 0.08434955903959851,
                             0.08434955903959851, 0.08434955903959851, 0.08434955903959851, 0.08434955903959851, 0.08434955903959851, 0.08434955903959851,
                             0.08434955903959851, 0.08434955903959851, 0.08434955903959851, 0.08434955903959851, 0.08434955903959851, 0.08434955903959851,
                             0.08434955903959851, 0.08434955903959851, 0.08434955903959851, 0.08434955903959851, 0.08434955903959851, 0.08434955903959851,
                             0.08434955903959851, 0.08434955903959851, 0.08434955903959851, 0.08434955903959851, 0.08434955903959851, 0.08434955903959851,
                             0.08434955903959851, 0.08434955903959851, 0.08434955903959851, 0.08434955903959851, 0.08434955903959851, 0.08434955903959851,
                             0.08434955903959851, 0.08434955903959851, 0.08434955903959851, 0.08434955903959851, 0.08434955903959851, 0.08434955903959851,
                             0.08434955903959851, 0.08434955903959851, 0.08434955903959851, 0.08434955903959851, 0.08434955903959851, 0.08434955903959851,
                             0.08434955903959851, 0.08434955903959851, 0.08434955903959851, 0.08434955903959851, 0.08434955903959851, 0.08434955903959851,
                             0.08434955903959851, 0.08434955903959851, 0.08434955903959851, 0.08434955903959851, 0.08434955903959851, 0.08434955903959851,
                             0.08434955903959851, 0.08434955903959851, 0.08434955903959851, 0.08434955903959851, 0.08434955903959851, 0.08434955903959851,
                             0.08434955903959851, 0.08434955903959851, 0.08434955903959851, 0.08434955903959851, 0.08434955903959851, 0.08434955903959851,
                             0.08434955903959851, 0.08434955903959851, 0.08434955903959851, 0.08434955903959851, 0.08434955903959851, 0.08434955903959851,
                             0.08434955903959851, 0.08434955903959851, 0.08434955903959851, 0.08434955903959851, 0.08434955903959851, 0.08434955903959851,
                             0.08434955903959851, 0.08434955903959851, 0.08434955903959851, 0.08434955903959851, 0.08434955903959851, 0.08434955903959851,
                             0.08434955903959851, 0.08434955903959851, 0.08434955903959851, 0.08434955903959851, 0.08434955903959851, 0.08434955903959851,
                             0.08434955903959851, 0.08434955903959851, 0.08434955903959851, 0.08434955903959851, 0.08434955903959851, 0.08434955903959851,
                             0.08434955903959851, 0.08434955903959851, 0.08434955903959851, 0.08434955903959851, 0.08434955903959851, 0.08434955903959851,
                             0.08434955903959851, 0.08434955903959851, 0.08434955903959851, 0.08434955903959851, 0.08434955903959851, 0.08434955903959851,
                             0.08434955903959851, 0.08434955903959851, 0.08434955903959851, 0.08434955903959851, 0.08434955903959851, 0.08434955903959851,
                             0.08434955903959851, 0.08434955903959851, 0.08434955903959851, 0.08434955903959851, 0.08434955903959851, 0.08434955903959851,
                             0.08434955903959851, 0.08434955903959851, 0.08434955903959851, 0.08434955903959851, 0.08434955903959851, 0.08434955903959851,
                             0.08434955903959851, 0.08434955903959851, 0.08434955903959851, 0.08434955903959851, 0.08434955903959851, 0.08434955903959851,
                             0.08434955903959851, 0.08434955903959851, 0.08434955903959851, 0.08434955903959851, 0.08434955903959851, 0.08434955903959851,
                             0.08434955903959851, 0.08434955903959851, 0.08434955903959851, 0.08434955903959851, 0.08434955903959851, 0.08434955903959851,
                             0.08434955903959851, 0.08434955903959851, 0.08434955903959851, 0.08434955903959851, 0.08434955903959851, 0.08434955903959851,
                             0.08434955903959851, 0.08434955903959851, 0.08434955903959851, 0.08434955903959851, 0.08434955903959851, 0.08434955903959851,
                             0.08434955903959851, 0.08434955903959851, 0.08434955903959851, 0.08434955903959851, 0.08434955903959851, 0.08434955903959851,
                             0.08434955903959851, 0.08434955903959851, 0.08434955903959851, 0.08434955903959851, 0.08434955903959851, 0.08434955903959851,
                             0.08434955903959851, 0.08434955903959851, 0.08434955903959851, 0.08434955903959851, 0.08434955903959851, 0.08434955903959851,
                             0.08434955903959851, 0.08434955903959851, 0.08434955903959851, 0.08434955903959851, 0.08434955903959851, 0.08434955903959851,
                             0.08434955903959851, 0.08434955903959851, 0.08434955903959851, 0.08434955903959851, 0.08434955903959851, 0.08434955903959851,
                             0.08434955903959851, 0.08434955903959851, 0.08434955903959851, 0.08434955903959851, 0.08434955903959851, 0.08434955903959851,
                             0.08434955903959851, 0.08434955903959851, 0.08434955903959851, 0.08434955903959851, 0.08434955903959851, 0.08434955903959851,
                             0.08434955903959851, 0.08434955903959851, 0.08434955903959851, 0.08434955903959851, 0.08434955903959851, 0.08434955903959851,
                             0.08434955903959851, 0.08434955903959851, 0.08434955903959851, 0.08434955903959851, 0.08434955903959851, 0.08434955903959851,
                             0.08434955903959851, 0.08434955903959851, 0.08434955903959851, 0.08434955903959851, 0.08434955903959851, 0.08434955903959851,
                             0.08434955903959851, 0.08434955903959851, 0.08434955903959851, 0.08434955903959851, 0.08434955903959851, 0.08434955903959851,
                             0.08434955903959851, 0.08434955903959851, 0.08434955903959851, 0.08434955903959851, 0.08434955903959851, 0.08434955903959851,
                             0.08434955903959851, 0.08434955903959851, 0.08434955903959851, 0.08434955903959851, 0.08434955903959851, 0.08434955903959851,
                             0.08434955903959851, 0.08434955903959851, 0.08434955903959851, 0.08434955903959851, 0.08434955903959851, 0.08434955903959851,
                             0.08434955903959851, 0.08434955903959851, 0.08434955903959851, 0.08434955903959851, 0.08434955903959851, 0.08434955903959851,
                             0.08434955903959851, 0.08434955903959851, 0.08434955903959851, 0.08434955903959851, 0.08434955903959851, 0.08434955903959851,
                             0.08434955903959851, 0.08434955903959851, 0.08434955903959851, 0.08434955903959851, 0.08434955903959851, 0.08434955903959851,
                             0.08434955903959851, 0.08434955903959851, 0.08434955903959851, 0.08434955903959851, 0.08434955903959851, 0.08434955903959851,
                             0.08434955903959851, 0.08434955903959851, 0.08434955903959851, 0.08434955903959851, 0.08434955903959851, 0.08434955903959851,
                             0.08434955903959851, 0.08434955903959851, 0.08434955903959851, 0.08434955903959851, 0.08434955903959851, 0.08434955903959851,
                             0.08434955903959851, 0.08434955903959851, 0.08434955903959851, 0.08434955903959851, 0.08434955903959851, 0.08434955903959851,
                             0.08434955903959851, 0.08434955903959851, 0.08434955903959851, 0.08434955903959851, 0.08434955903959851, 0.08434955903959851,
                             0.08434955903959851, 0.08434955903959851, 0.08434955903959851, 0.08434955903959851, 0.08434955903959851, 0.08434955903959851,
                             0.08434955903959851, 0.08434955903959851, 0.08434955903959851, 0.08434955903959851, 0.08434955903959851, 0.08434955903959851,
                             0.08434955903959851, 0.08434955903959851, 0.08434955903959851, 0.08434955903959851, 0.08434955903959851, 0.08434955903959851,
                             0.08434955903959851, 0.08434955903959851, 0.08434955903959851, 0.08434955903959851, 0.08434955903959851, 0.08434955903959851,
                             0.08434955903959851, 0.08434955903959851, 0.08434955903959851, 0.08434955903959851, 0.08434955903959851, 0.08434955903959851,
                             0.08434955903959851, 0.08434955903959851, 0.08434955903959851, 0.08434955903959851, 0.08434955903959851, 0.08434955903959851,
                             0.08434955903959851, 0.08434955903959851, 0.08434955903959851, 0.08434955903959851, 0.08434955903959851, 0.08434955903959851,
                             0.08434955903959851, 0.08434955903959851, 0.08434955903959851, 0.08434955903959851, 0.08434955903959851, 0.08434955903959851,
                             0.08434955903959851, 0.08434955903959851, 0.08434955903959851, 0.08434955903959851, 0.08434955903959851, 0.08434955903959851,
                             0.08434955903959851, 0.08434955903959851, 0.08434955903959851, 0.08434955903959851, 0.08434955903959851, 0.08434955903959851,
                             0.08434955903959851, 0.08434955903959851, 0.08434955903959851, 0.08434955903959851, 0.08434955903959851, 0.08434955903959851,
                             0.08434955903959851, 0.08434955903959851, 0.08434955903959851, 0.08434955903959851, 0.08434955903959851, 0.08434955903959851,
                             0.08434955903959851, 0.08434955903959851, 0.08434955903959851, 0.08434955903959851, 0.08434955903959851, 0.08434955903959851,
                             0.08434955903959851, 0.08434955903959851, 0.08434955903959851, 0.08434955903959851, 0.08434955903959851, 0.08434955903959851,
                             0.08434955903959851, 0.08434955903959851, 0.08434955903959851, 0.08434955903959851, 0.08434955903959851, 0.08434955903959851,
                             0.08434955903959851, 0.08434955903959851, 0.08434955903959851, 0.08434955903959851, 0.08434955903959851, 0.08434955903959851,
                             0.08434955903959851, 0.08434955903959851, 0.08434955903959851, 0.08434955903959851, 0.08434955903959851, 0.08434955903959851,
                             0.08434955903959851, 0.08434955903959851, 0.08434955903959851, 0.08434955903959851, 0.08434955903959851, 0.08434955903959851,
                             0.08434955903959851, 0.08434955903959851, 0.08434955903959851, 0.08434955903959851, 0.08434955903959851, 0.08434955903959851,
                             0.08434955903959851, 0.08434955903959851, 0.08434955903959851, 0.08434955903959851, 0.08434955903959851, 0.08434955903959851,
                             0.08434955903959851, 0.08434955903959851, 0.08434955903959851, 0.08434955903959851, 0.08434955903959851, 0.08434955903959851,
                             0.08434955903959851, 0.08434955903959851, 0.08434955903959851, 0.08434955903959851, 0.08434955903959851, 0.08434955903959851,
                             0.08434955903959851, 0.08434955903959851, 0.08434955903959851, 0.08434955903959851, 0.08434955903959851, 0.08434955903959851,
                             0.08434955903959851, 0.08434955903959851, 0.08434955903959851, 0.08434955903959851, 0.08434955903959851, 0.08434955903959851,
                             0.08434955903959851, 0.08434955903959851, 0.08434955903959851, 0.08434955903959851, 0.08434955903959851, 0.08434955903959851,
                             0.08434955903959851, 0.08434955903959851, 0.08434955903959851, 0.08434955903959851, 0.08434955903959851, 0.08434955903959851,
                             0.08434955903959851, 0.08434955903959851, 0.08434955903959851, 0.08434955903959851, 0.08434955903959851, 0.08434955903959851,
                             0.08434955903959851, 0.08434955903959851, 0.08434955903959851, 0.08434955903959851, 0.08434955903959851, 0.08434955903959851,
                             0.08434955903959851, 0.08434955903959851, 0.08434955903959851, 0.08434955903959851, 0.08434955903959851, 0.08434955903959851,
                             0.08434955903959851, 0.08434955903959851, 0.08434955903959851, 0.08434955903959851, 0.08434955903959851, 0.08434955903959851,
                             0.08434955903959851, 0.08434955903959851, 0.08434955903959851, 0.08434955903959851, 0.08434955903959851, 0.08434955903959851,
                             0.08434955903959851, 0.08434955903959851, 0.08434955903959851, 0.08434955903959851, 0.08434955903959851, 0.08434955903959851,
                             0.08434955903959851, 0.08434955903959851, 0.08434955903959851, 0.08434955903959851, 0.08434955903959851, 0.08434955903959851,
                             0.08434955903959851, 0.08434955903959851, 0.08434955903959851, 0.08434955903959851, 0.08434955903959851, 0.08434955903959851,
                             0.08434955903959851, 0.08434955903959851, 0.08434955903959851, 0.08434955903959851, 0.08434955903959851, 0.08434955903959851,
                             0.08434955903959851, 0.08434955903959851, 0.08434955903959851, 0.08434955903959851, 0.08434955903959851, 0.08434955903959851,
                             0.08434955903959851, 0.08434955903959851, 0.08434955903959851, 0.08434955903959851, 0.08434955903959851, 0.08434955903959851,
                             0.08434955903959851, 0.08434955903959851, 0.08434955903959851, 0.08434955903959851, 0.08434955903959851, 0.08434955903959851,
                             0.08434955903959851, 0.08434955903959851, 0.08434955903959851, 0.08434955903959851, 0.08434955903959851, 0.08434955903959851,
                             0.08434955903959851, 0.08434955903959851, 0.08434955903959851, 0.08434955903959851, 0.08434955903959851, 0.08434955903959851,
                             0.08434955903959851, 0.08434955903959851, 0.08434955903959851, 0.08434955903959851, 0.08434955903959851, 0.08434955903959851,
                             0.08434955903959851, 0.08434955903959851, 0.08434955903959851, 0.08434955903959851, 0.08434955903959851, 0.08434955903959851,
                             0.08434955903959851, 0.08434955903959851, 0.08434955903959851, 0.08434955903959851, 0.08434955903959851, 0.08434955903959851,
                             0.08434955903959851, 0.08434955903959851, 0.08434955903959851, 0.08434955903959851, 0.08434955903959851, 0.08434955903959851,
                             0.08434955903959851, 0.08434955903959851, 0.08434955903959851, 0.08434955903959851, 0.08434955903959851, 0.08434955903959851,
                             0.08434955903959851, 0.08434955903959851, 0.08434955903959851, 0.08434955903959851, 0.08434955903959851, 0.08434955903959851,
                             0.08434955903959851, 0.08434955903959851, 0.08434955903959851, 0.08434955903959851, 0.08434955903959851, 0.08434955903959851,
                             0.08434955903959851, 0.08434955903959851, 0.08434955903959851, 0.08434955903959851, 0.08434955903959851, 0.08434955903959851,
                             0.08434955903959851, 0.08434955903959851, 0.08434955903959851, 0.08434955903959851, 0.08434955903959851, 0.08434955903959851,
                             0.08434955903959851, 0.08434955903959851, 0.08434955903959851, 0.08434955903959851, 0.08434955903959851, 0.08434955903959851,
                             0.08434955903959851, 0.08434955903959851, 0.08434955903959851, 0.08434955903959851, 0.08434955903959851, 0.08434955903959851,
                             0.08434955903959851, 0.08434955903959851, 0.08434955903959851, 0.08434955903959851, 0.08434955903959851, 0.08434955903959851,
                             0.08434955903959851, 0.08434955903959851, 0.08434955903959851, 0.08434955903959851, 0.08434955903959851, 0.08434955903959851,
                             0.08434955903959851, 0.08434955903959851, 0.08434955903959851, 0.08434955903959851, 0.08434955903959851, 0.08434955903959851,
                             0.08434955903959851, 0.08434955903959851, 0.08434955903959851, 0.08434955903959851, 0.08434955903959851, 0.08434955903959851,
                             0.08434955903959851, 0.08434955903959851, 0.08434955903959851, 0.08434955903959851, 0.08434955903959851, 0.08434955903959851,
                             0.08434955903959851, 0.08434955903959851, 0.08434955903959851, 0.08434955903959851, 0.08434955903959851, 0.08434955903959851,
                             0.08434955903959851, 0.08434955903959851, 0.08434955903959851, 0.08434955903959851, 0.08434955903959851, 0.08434955903959851,
                             0.08434955903959851, 0.08434955903959851, 0.08434955903959851, 0.08434955903959851, 0.08434955903959851, 0.08434955903959851,
