```python
import numpy as np
import scipy.optimize as optimize
import time
from scipy.optimize import Bounds, minimize
from scipy.optimize import Bounds

def run(seed=42, budget_s=600, **kwargs):
    np.random.seed(seed)
    
    # Time tracking
    start_time = time.time()
    
    # Initial construction (n=200 samples)
    initial_h_values = np.array([0.0, 0.0, 0.0, 0.0, 0.0, 0.19827586206896553, 0.19827586206896553, 0.19827586206896553, 0.19827586206896553, 0.19827586206896553, 0.19827586206896553, 0.19827586206896553, 0.19827586206896553, 0.19827586206896553, 0.19827586206896553, 0.19827586206896553, 0.19827586206896553, 0.19827586206896553, 0.19827586206896553, 0.19827586206896553, 0.19827586206896553, 0.19827586206896553, 0.19827586206896553, 0.19827586206896553, 0.19827586206896553, 0.19827586206896553, 0.19827586206896553, 0.19827586206896553, 0.19827586206896553, 0.19827586206896553, 0.19827586206896553, 0.19827586206896553, 0.19827586206896553, 0.19827586206896553, 0.19827586206896553, 0.19827586206896553, 0.19827586206896553, 0.19827586206896553, 0.19827586206896553, 0.19827586206896553, 0.19827586206896553, 0.19827586206896553, 0.19827586206896553, 0.19827586206896553, 0.19827586206896553, 0.19827586206896553, 0.19827586206896553, 0.19827586206896553, 0.19827586206896553, 0.19827586206896553, 0.19827586206896553, 0.19827586206896553, 0.19827586206896553, 0.19827586206896553, 0.19827586206896553, 0.19827586206896553, 0.19827586206896553, 0.19827586206896553, 0.19827586206896553, 0.19827586206896553, 0.19827586206896553, 0.19827586206896553, 0.19827586206896553, 0.19827586206896553, 0.19827586206896553, 0.19827586206896553, 0.19827586206896553, 0.19827586206896553, 0.19827586206896553, 0.19827586206896553, 0.19827586206896553, 0.19827586206896553, 0.19827586206896553, 0.19827586206896553, 0.19827586206896553, 0.19827586206896553, 0.19827586206896553, 0.19827586206896553, 0.19827586206896553, 0.19827586206896553, 0.19827586206896553, 0.19827586206896553, 0.19827586206896553, 0.19827586206896553, 0.19827586206896553, 0.19827586206896553, 0.19827586206896553, 0.19827586206896553, 0.19827586206896553, 0.19827586206896553, 0.19827586206896553, 0.19827586206896553, 0.19827586206896553, 0.19827586206896553, 0.19827586206896553, 0.19827586206896553, 0.19827586206896553, 0.19827586206896553, 0.19827586206896553, 0.19827586206896553, 0.19827586206896553, 0.19827586206896553, 0.19827586206896553, 0.19827586206896553, 0.19827586206896553, 0.19827586206896553, 0.19827586206896553, 0.19827586206896553, 0.19827586206896553, 0.19827586206896553, 0.19827586206896553, 0.19827586206896553, 0.19827586206896553, 0.19827586206896553, 0.19827586206896553, 0.19827586206896553, 0.19827586206896553, 0.19827586206896553, 0.19827586206896553, 0.19827586206896553, 0.19827586206896553, 0.19827586206896553, 0.19827586206896553, 0.19827586206896553, 0.19827586206896553, 0.19827586206896553, 0.19827586206896553, 0.19827586206896553, 0.19827586206896553, 0.19827586206896553, 0.19827586206896553, 0.19827586206896553, 0.19827586206896553, 0.19827586206896553, 0.19827586206896553, 0.19827586206896553, 0.19827586206896553, 0.19827586206896553, 0.19827586206896553, 0.19827586206896553, 0.19827586206896553, 0.19827586206896553, 0.19827586206896553, 0.19827586206896553, 0.19827586206896553, 0.19827586206896553, 0.19827586206896553, 0.19827586206896553, 0.19827586206896553, 0.19827586206896553, 0.19827586206896553, 0.19827586206896553, 0.19827586206896553, 0.19827586206896553, 0.19827586206896553, 0.19827586206896553, 0.19827586206896553, 0.19827586206896553, 0.19827586206896553, 0.19827586206896553, 0.19827586206896553, 0.19827586206896553, 0.19827586206896553, 0.19827586206896553, 0.19827586206896553, 0.19827586206896553, 0.19827586206896553, 0.19827586206896553, 0.19827586206896553, 0.19827586206896553, 0.19827586206896553, 0.19827586206896553, 0.19827586206896553, 0.19827586206896553, 0.19827586206896553, 0.19827586206896553, 0.19827586206896553, 0.19827586206896553, 0.19827586206896553, 0.19827586206896553, 0.19827586206896553, 0.19827586206896553, 0.19827586206896553, 0.19827586206896553, 0.19827586206896553, 0.19827586206896553, 0.19827586206896553, 0.19827586206896553, 0.19827586206896553, 0.19827586206896553, 0.19827586206896553, 0.19827586206896553, 0.19827586206896553, 0.19827586206896553, 0.19827586206896553, 0.19827586206896553, 0.19827586206896553, 0.19827586206896553, 0.19827586206896553, 0.19827586206896553, 0.19827586206896553, 0.19827586206896553, 0.19827586206896553, 0.19827586206896553, 0.19827586206896553, 0.19827586206896553, 0.19827586206896553, 0.19827586206896553, 0.19827586206896553, 0.19827586206896553, 0.19827586206896553, 0.19827586206896553, 0.19827586206896553, 0.19827586206896553, 0.19827586206896553, 0.19827586206896553, 0.19827586206896553, 0.19827586206896553, 0.19827586206896553, 0.19827586206896553, 0.19827586206896553, 0.19827586206896553, 0.19827586206896553, 0.19827586206896553, 0.19827586206896553, 0.19827586206896553, 0.19827586206896553, 0.19827586206896553, 0.19827586206896553, 0.19827586206896553, 0.19827586206896553, 0.19827586206896553, 0.19827586206896553, 0.19827586206896553, 0.19827586206896553, 0.19827586206896553, 0.19827586206896553, 0.19827586206896553, 0.19827586206896553, 0.19827586206896553, 0.19827586206896553, 0.19827586206896553, 0.19827586206896553, 0.19827586206896553, 0.19827586206896553, 0.19827586206896553, 0.19827586206896553, 0.19827586206896553, 0.19827586206896553, 0.19827586206896553, 0.19827586206896553, 0.19827586206896553, 0.19827586206896553, 0.19827586206896553, 0.19827586206896553, 0.19827586206896553, 0.19827586206896553, 0.19827586206896553, 0.19827586206896553, 0.19827586206896553, 0.19827586206896553, 0.19827586206896553, 0.19827586206896553, 0.19827586206896553, 0.19827586206896553, 0.19827586206896553, 0.19827586206896553, 0.19827586206896553, 0.19827586206896553, 0.19827586206896553, 0.19827586206896553, 0.19827586206896553, 0.19827586206896553, 0.19827586206896553, 0.19827586206896553, 0.19827586206896553, 0.19827586206896553, 0.19827586206896553, 0.19827586206896553, 0.19827586206896553, 0.19827586206896553, 0.19827586206896553, 0.19827586206896553, 0.19827586206896553, 0.19827586206896553, 0.19827586206896553, 0.19827586206896553, 0.19827586206896553, 0.19827586206896553, 0.19827586206896553, 0.19827586206896553, 0.19827586206896553, 0.19827586206896553, 0.19827586206896553, 0.19827586206896553, 0.19827586206896553, 0.19827586206896553, 0.19827586206896553, 0.19827586206896553, 0.19827586206896553, 0.19827586206896553, 0.19827586206896553, 0.19827586206896553, 0.19827586206896553, 0.19827586206896553, 0.19827586206896553, 0.19827586206896553, 0.19827586206896553, 0.19827586206896553, 0.19827586206896553, 0.19827586206896553, 0.19827586206896553, 0.19827586206896553, 0.19827586206896553, 0.19827586206896553, 0.19827586206896553, 0.19827586206896553, 0.19827586206896553, 0.19827586206896553, 0.19827586206896553, 0.19827586206896553, 0.19827586206896553, 0.19827586206896553, 0.19827586206896553, 0.19827586206896553, 0.19827586206896553, 0.19827586206896553, 0.19827586206896553, 0.19827586206896553, 0.19827586206896553, 0.19827586206896553, 0.19827586206896553, 0.19827586206896553, 0.19827586206896553, 0.19827586206896553, 0.19827586206896553, 0.19827586206896553, 0.19827586206896553, 0.19827586206896553, 0.19827586206896553, 0.19827586206896553, 0.19827586206896553, 0.19827586206896553, 0.19827586206896553, 0.19827586206896553, 0.19827586206896553, 0.19827586206896553, 0.19827586206896553, 0.19827586206896553, 0.19827586206896553, 0.19827586206896553, 0.19827586206896553, 0.19827586206896553, 0.19827586206896553, 0.19827586206896553, 0.19827586206896553, 0.19827586206896553, 0.19827586206896553, 0.19827586206896553, 0.19827586206896553, 0.19827586206896553, 0.19827586206896553, 0.19827586206896553, 0.19827586206896553, 0.19827586206896553, 0.19827586206896553, 0.19827586206896553, 0.19827586206896553, 0.19827586206896553, 0.19827586206896553, 0.19827586206896553, 0.19827586206896553, 0.19827586206896553, 0.19827586206896553, 0.19827586206896553, 0.19827586206896553, 0.19827586206896553, 0.19827586206896553, 0.19827586206896553, 0.19827586206896553, 0.19827586206896553, 0.19827586206896553, 0.19827586206896553, 0.19827586206896553, 0.19827586206896553, 0.19827586206896553, 0.19827586206896553, 0.19827586206896553, 0.19827586206896553, 0.19827586206896553, 0.19827586206896553, 0.19827586206896553, 0.19827586206896553, 0.19827586206896553, 0.19827586206896553, 0.19827586206896553, 0.19827586206896553, 0.19827586206896553, 0.19827586206896553, 0.19827586206896553, 0.19827586206896553, 0.19827586206896553, 0.19827586206896553, 0.19827586206896553, 0.19827586206896553, 0.19827586206896553, 0.19827586206896553, 0.19827586206896553, 0.19827586206896553, 0.19827586206896553, 0.19827586206896553, 0.19827586206896553, 0.19827586206896553, 0.19827586206896553, 0.19827586206896553, 0.19827586206896553, 0.19827586206896553, 0.19827586206896553, 0.19827586206896553, 0.19827586206896553, 0.19827586206896553, 0.19827586206896553, 0.19827586206896553, 0.19827586206896553, 0.19827586206896553, 0.19827586206896553, 0.19827586206896553, 0.19827586206896553, 0.19827586206896553, 0.19827586206896553, 0.19827586206896553, 0.19827586206896553, 0.19827586206896553, 0.19827586206896553, 0.19827586206896553, 0.19827586206896553, 0.19827586206896553, 0.19827586206896553, 0.19827586206896553, 0.19827586206896553, 0.19827586206896553, 0.19827586206896553, 0.19827586206896553, 0.19827586206896553, 0.19827586206896553, 0.19827586206896553, 0.19827586206896553, 0.19827586206896553, 0.19827586206896553, 0.19827586206896553, 0.19827586206896553, 0.19827586206896553, 0.19827586206896553, 0.19827586206896553, 0.19827586206896553, 0.19827586206896553, 0.19827586206896553, 0.19827586206896553, 0.19827586206896553, 0.19827586206896553, 0.19827586206896553, 0.19827586206896553, 0.19827586206896553, 0.19827586206896553, 0.19827586206896553, 0.19827586206896553, 0.19827586206896553, 0.19827586206896553, 0.19827586206896553, 0.19827586206896553, 0.19827586206896553, 0.19827586206896553, 0.19827586206896553, 0.19827586206896553, 0.19827586206896553, 0.19827586206896553, 0.19827586206896553, 0.19827586206896553, 0.19827586206896553, 0.19827586206896553, 0.19827586206896553, 0.19827586206896553, 0.19827586206896553, 0.19827586206896553, 0.19827586206896553, 0.19827586206896553, 0.19827586206896553, 0.19827586206896553, 0.19827586206896553, 0.19827586206896553, 0.19827586206896553, 0.19827586206896553, 0.19827586206896553, 0.19827586206896553, 0.19827586206896553, 0.19827586206896553, 0.19827586206896553, 0.19827586206896553, 0.19827586206896553, 0.19827586206896553, 0.19827586206896553, 0.19827586206896553, 0.19827586206896553, 0.19827586206896553, 0.19827586206896553, 0.19827586206896553, 0.19827586206896553, 0.19827586206896553, 0.19827586206896553, 0.19827586206896553, 0.19827586206896553, 0.19827586206896553, 0.19827586206896553, 0.19827586206896553, 0.19827586206896553, 0.19827586206896553, 0.19827586206896553, 0.19827586206896553, 0.19827586206896553, 0.19827586206896553, 0.19827586206896553, 0.19827586206896553, 0.19827586206896553, 0.19827586206896553, 0.19827586206896553, 0.19827586206896553, 0.19827586206896553, 0.19827586206896553, 0.19827586206896553, 0.19827586206896553, 0.19827586206896553, 0.19827586206896553, 0.19827586206896553, 0.19827586206896553, 0.19827586206896553, 0.19827586206896553, 0.19827586206896553, 0.19827586206896553, 0.19827586206896553, 0.19827586206896553, 0.19827586206896553, 0.19827586206896553, 0.19827586206896553, 0.19827586206896553, 0.19827586206896553, 0.19827586206896553, 0.19827586206896553, 0.19827586206896553, 0.19827586206896553, 0.19827586206896553, 0.19827586206896553, 0.19827586206896553, 0.19827586206896553, 0.19827586206896553, 0.19827586206896553, 0.19827586206896553, 0.19827586206896553, 0.19827586206896553, 0.19827586206896553, 0.19827586206896553, 0.19827586206896553, 0.19827586206896553, 0.19827586206896553, 0.19827586206896553, 0.19827586206896553, 0.19827586206896553, 0.19827586206896553, 0.19827586206896553, 0.19827586206896553, 0.19827586206896553, 0.19827586206896553, 0.19827586206896553, 0.19827586206896553, 0.19827586206896553, 0.19827586206896553, 0.19827586206896553, 0.19827586206896553, 0.19827586206896553, 0.19827586206896553, 0.19827586206896553, 0.19827586206896553, 0.19827586206896553, 0.19827586206896553, 0.19827586206896553, 0.19827586206896553, 0.19827586206896553, 0.19827586206896553, 0.19827586206896553, 0.19827586206896553, 0.19827586206896553, 0.19827586206896553, 0.19827586206896553, 0.19827586206896553, 0.19827586206896553, 0.19827586206896553, 0.19827586206896553, 0.19827586206896553, 0.19827586206896553, 0.19827586206896553, 0.19827586206896553, 0.19827586206896553, 0.19827586206896553, 0.19827586206896553, 0.19827586206896553, 0.19827586206896553, 0.19827586206896553, 0.19827586206896553, 0.19827586206896553, 0.19827586206896553, 0.19827586206896553, 0.19827586206896553, 0.19827586206896553, 0.19827586206896553, 0.19827586206896553, 0.19827586206896553, 0.19827586206896553, 0.19827586206896553, 0.19827586206896553, 0.19827586206896553, 0.19827586206896553, 0.19827586206896553, 0.19827586206896553, 0.19827586206896553, 0.19827586206896553, 0.19827586206896553, 0.19827586206896553, 0.19827586206896553, 0.19827586206896553, 0.19827586206896553, 0.19827586206896553, 0.19827586206896553, 0.19827586206896553, 0.19827586206896553, 0.19827586206896553, 0.19827586206896553, 0.19827586206896553, 0.19827586206896553, 0.19827586206896553, 0.19827586206896553, 0.19827586206896553, 0.19827586206896553, 0.19827586206896553, 0.19827586206896553, 0.19827586206896553, 0.19827586206896553, 0.19827586206896553, 0.19827586206896553, 0.19827586206896553, 0.19827586206896553, 0.19827586206896553, 0.19827586206896553, 0.19827586206896553, 0.19827586206896553, 0.19827586206896553, 0.19827586206896553, 0.19827586206896553, 0.19827586206896553, 0.19827586206896553, 0.19827586206896553, 0.19827586206896553, 0.19827586206896553, 0.19827586206896553, 0.19827586206896553, 0.19827586206896553, 0.19827586206896553, 0.19827586206896553, 0.19827586206896553, 0.19827586206896553, 0.19827586206896553, 0.19827586206896553, 0.19827586206896553, 0.19827586206896553, 0.19827586206896553, 0.19827586206896553, 0.19827586206896553, 0.19827586206896553, 0.19827586206896553, 0.19827586206896553, 0.19827586206896553, 0.19827586206896553, 0.19827586206896553, 0.19827586206896553, 0.19827586206896553, 0.19827586206896553, 0.19827586206896553, 0.19827586206896553, 0.19827586206896553, 0.19827586206896553, 0.19827586206896553, 0.19827586206896553, 0.19827586206896553, 0.19827586206896553, 0.19827586206896553, 0.19827586206896553, 0.19827586206896553, 0.19827586206896553, 0.19827586206896553, 0.19827586206896553, 0.19827586206896553, 0.19827586206896553, 0.19827586206896553, 0.19827586206896553, 0.19827586206896553, 0.19827586206896553, 0.19827586206896553, 0.19827586206896553, 0.19827586206896553, 0.19827586206896553, 0.19827586206896553, 0.19827586206896553, 0.19827586206896553, 0.19827586206896553, 0.19827586206896553, 0.19827586206896553, 0.19827586206896553, 0.19827586206896553, 0.19827586206896553, 0.19827586206896553, 0.19827586206896553, 0.19827586206896553, 0.19827586206896553, 0.19827586206896553, 0.19827586206896553, 0.19827586206896553, 0.19827586206896553, 0.19827586206896553, 0.19827586206896553, 0.19827586206896553, 0.19827586206896553, 0.19827586206896553, 0.19827586206896553, 0.19827586206896553, 0.19827586206896553, 0.19827586206896553, 0.19827586206896553, 0.19827586206896553, 0.19827586206896553, 0.19827586206896553, 0.19827586206896553, 0.19827586206896553, 0.19827586206896553, 0.19827586206896553, 0.19827586206896553, 0.19827586206896553, 0.19827586206896553, 0.19827586206896553, 0.19827586206896553, 0.19827586206896553, 0.19827586206896553, 0.19827586206896553, 0.19827586206896553, 0.19827586206896553, 0.19827586206896553, 0.19827586206896553, 0.19827586206896553, 0.19827586206896553, 0.19827586206896553, 0.19827586206896553, 0.19827586206896553, 0.19827586206896553, 0.19827586206896553, 0.19827586206896553, 0.19827586206896553, 0.19827586206896553, 0.19827586206896553, 0.19827586206896553, 0.19827586206896553, 0.19827586206896553, 0.19827586206896553, 0.19827586206896553, 0.19827586206896553, 0.19827586206896553, 0.19827586206896553, 0.19827586206896553, 0.19827586206896553, 0.19827586206896553, 0.19827586206896553, 0.19827586206896553, 0.19827586206896553, 0.19827586206896553, 0.19827586206896553, 0.19827586206896553, 0.19827586206896553, 0.19827586206896553, 0.19827586206896553, 0.19827586206896553, 0.19827586206896553, 0.19827586206896553, 0.19827586206896553, 0.19827586206896553, 0.19827586206896553, 0.19827586206896553, 0.19827586206896553, 0.19827586206896553, 0.19827586206896553, 0.19827586206896553, 0.19827586206896553, 0.19827586206896553, 0.19827586206896553, 0.19827586206896553, 0.19827586206896553, 0.19827586206896553, 0.19827586206896553, 0.19827586206896553, 0.19827586206896553, 0.19827586206896553, 0.19827586206896553, 0.19827586206896553, 0.19827586206896553, 0.19827586206896553, 0.19827586206896553, 0.19827586206896553, 0.19827586206896553, 0.19827586206896553, 0.19827586206896553, 0.19827586206896553, 0.19827586206896553, 0.19827586206896553, 0.19827586206896553, 0.19827586206896553, 0.19827586206896553, 0.19827586206896553, 0.19827586206896553, 0.19827586206896553, 0.19827586206896553, 0.19827586206896553, 0.19827586206896553, 0.19827586206896553, 0.19827586206896553, 0.19827586206896553, 0.19827586206896553, 0.19827586206896553, 0.19827586206896553, 0.19827586206896553, 0.19827586206896553, 0.19827586206896553, 0.19827586206896553, 0.19827586206896553, 0.19827586206896553, 0.19827586206896553, 0.19827586206896553, 0.19827586206896553, 0.19827586206896553, 0.19827586206896553, 0.19827586206896553, 0.19827586206896553, 0.19827586206896553, 0.19827586206896553, 0.19827586206896553, 0.19827586206896553, 0.19827586206896553, 0.19827586206896553, 0.19827586206896553, 0.19827586206896553, 0.19827586206896553, 0.19827586206896553, 0.19827586206896553, 0.19827586206896553, 0.19827586206896553, 0.19827586206896553, 0.19827586206896553, 0.19827586206896553, 0.19827586206896553, 0.19827586206896553, 0.19827586206896553, 0.19827586206896553, 0.19827586206896553, 0.19827586206896553, 0.19827586206896553, 0.19827586206896553, 0.19827586206896553, 0.19827586206896553, 0.19827586206896553, 0.19827586206896553, 0.19827586206896553, 0.19827586206896553, 0.19827586206896553, 0.19827586206896553, 0.19827586206896553, 0.19827586206896553, 0.19827586206896553, 0.19827586206896553, 0.19827586206896553, 0.19827586206896553, 0.19827586206896553, 0.19827586206896553, 0.19827586206896553, 0.19827586206896553, 0.19827586206896553, 0.19827586206896553, 0.19827586206896553, 0.19827586206896553, 0.19827586206896553, 0.19827586206896553, 0.19827586206896553, 0.19827586206896553, 0.19827586206896553, 0.19827586206896553, 0.19827586206896553, 0.19827586206896553, 0.19827586206896553, 0.19827586206896553, 0.19827586206896553, 0.19827586206896553, 0.19827586206896553, 0.19827586206896553, 0.19827586206896553, 0.19827586206896553, 0.19827586206896553, 0.19827586206896553, 0.19827586206896553, 0.19827586206896553, 0.19827586206896553, 0.19827586206896553, 0.19827586206896553, 0.19827586206896553, 0.19827586206896553, 0.19827586206896553, 0.19827586206896553, 0.19827586206896553, 0.19827586206896553, 0.19827586206896553, 0.19827586206896553, 0.19827586206896553, 0.19827586206896553, 0.19827586206896553, 0.19827586206896553, 0.19827586206896553, 0.19827586206896553, 0.19827586206896553, 0.19827586206896553, 0.19827586206896553, 0.19827586206896553, 0.19827586206896553, 0.19827586206896553, 0.19827586206896553, 0.19827586206896553, 0.19827586206896553, 0.19827586206896553, 0.19827586206896553, 0.19827586206896553, 0.19827586206896553, 0.19827586206896553, 0.19827586206896553, 0.19827586206896553, 0.19827586206896553, 0.19827586206896553, 0.19827586206896553, 0.19827586206896553, 0.19827586206896553, 0.19827586206896553, 0.19827586206896553, 0.19827586206896553, 0.19827586206896553, 0.19827586206896553, 0.19827586206896553, 0.19827586206896553, 0.19827586206896553, 0.19827586206896553, 0.19827586206896553, 0.19827586206896553, 0.19827586206896553, 0.19827586206896553, 0.19827586206896553, 0.19827586206896553, 0.19827586206896553, 0.19827586206896553, 0.19827586206896553, 0.19827586206896553, 0.19827586206896553, 0.19827586206896553, 0.19827586206896553, 0.19827586206896553, 0.19827586206896553, 0.19827586206896553, 0.19827586206896553, 0.19827586206896553, 0.19827586206896553, 0.19827586206896553, 0.19827586206896553, 0.19827586206896553, 0.19827586206896553, 0.19827586206896553, 0.19827586206896553, 0.19827586206896553, 0.19827586206896553, 0.19827586206896553, 0.19827586206896553, 0.19827586206896553, 0.19827586206896553, 0.19827586206896553, 0.19827586206896553, 0.19827586206896553, 0.19827586206896553, 0.19827586206896553, 0.19827586206896553, 0.19827586206896553, 0.19827586206896553, 0.19827586206896553, 0.19827586206896553, 0.19827586206896553, 0.19827586206896553, 0.19827586206896553, 0.19827586206896553, 0.19827586206896553, 0.19827586206896553, 0.19827586206896553, 0.19827586206896553, 0.19827586206896553, 0.19827586206896553, 0.19827586206896553, 0.19827586206896553, 0.19827586206896553, 0.19827586206896553, 0.19827586206896553, 0.19827586206896553, 0.19827586206896553, 0.19827586206896553, 0.19827586206896553, 0.19827586206896553, 0.19827586206896553, 0.19827586206896553, 0.19827586206896553, 0.19827586206896553, 0.19827586206896553, 0.19827586206896553, 0.19827586206896553, 0.19827586206896553, 0.19827586206896553, 0.19827586206896553, 0.19827586206896553, 0.19827586206896553, 0.19827586206896553, 0.19827586206896553, 0.19827586206896553, 0.19827586206896553, 0.19827586206896553, 0.19827586206896553, 0.19827586206896553, 0.19827586206896553, 0.19827586206896553, 0.19827586206896553, 0.19827586206896553, 0.19827586206896553, 0.19827586206896553, 0.19827586206896553, 0.19827586206896553, 0.19827586206896553, 0.19827586206896553, 0.19827586206896553, 0.19827586206896553, 0.19827586206896553, 0.19827586206896553, 0.19827586206896553, 0.19827586206896553, 0.19827586206896553, 0.19827586206896553, 0.19827586206896553, 0.19827586206896553, 0.19827586206896553, 0.19827586206896553, 0.19827586206896553, 0.19827586206896553, 0.19827586206896553, 0.19827586206896553, 0.19827586206896553, 0.19827586206896553, 0.19827586206896553, 0.19827586206896553, 0.19827586206896553, 0.19827586206896553, 0.19827586206896553, 0.19827586206896553, 0.19827586206896553, 0.19827586206896553, 0.19827586206896553, 0.19827586206896553, 0.19827586206896553, 0.19827586206896553, 0.19827586206896553, 0.19827586206896553, 0.19827586206896553, 0.19827586206896553, 0.19827586206896553, 0.19827586206896553, 0.19827586206896553, 0.19827586206896553, 0.19827586206896553, 0.19827586206896553, 0.19827586206896553, 0.19827586206896553, 0.19827586206896553, 0.19827586206896553, 0.19827586206896553, 0.19827586206896553, 0.19827586206896553, 0.19827586206896553, 0.19827586206896553, 0.19827586206896553, 0.19827586206896553, 0.19827586206896553, 0.19827586206896553, 0.19827586206896553, 0.19827586206896553, 0.19827586206896553, 0.19827586206896553, 0.19827586206896553, 0.19827586206896553, 0.19827586206896553, 0.19827586206896553, 0.19827586206896553, 0.19827586206896553, 0.19827586206896553, 0.19827586206896553, 0.19827586206896553, 0.19827586206896553, 0.19827586206896553, 0.19827586206896553, 0.19827586206896553, 0.19827586206896553, 0.19827586206896553, 0.19827586206896553, 0.19827586206896553, 0.19827586206896553, 0.19827586206896553, 0.19827586206896553, 0.19827586206896553, 0.19827586206896553, 0.19827586206896553, 0.19827586206896553, 0.19827586206896553, 0.19827586206896553, 0.19827586206896553, 0.19827586206896553, 0.19827586206896553, 0.19827586206896553, 0.19827586206896553, 0.19827586206896553, 0.19827586206896553, 0.19827586206896553, 0.19827586206896553, 0.19827586206896553, 0.19827586206896553, 0.19827586206896553, 0.19827586206896553, 0.19827586206896553, 0.19827586206896553, 0.19827586206896553, 0.19827586206896553, 0.19827586206896553, 0.19827586206896553, 0.19827586206896553, 0.19827586206896553, 0.19827586206896553, 0.19827586206896553, 0.19827586206896553, 0.19827586206896553, 0.19827586206896553, 0.19827586206896553, 0.19827586206896553, 0.19827586206896553, 0.19827586206896553, 0.19827586206896553, 0.19827586206896553, 0.19827586206896553, 0.19827586206896553, 0.19827586206896553, 0.19827586206896553, 0.19827586206896553, 0.19827586206896553, 0.19827586206896553, 0.19827586206896553, 0.19827586206896553, 0.19827586206896553, 0.19827586206896553, 0.19827586206896553, 0.19827586206896553, 0.19827586206896553, 0.19827586206896553, 0.19827586206896553, 0.19827586206896553, 0.19827586206896553, 0.19827586206896553, 0.19827586206896553, 0.19827586206896553, 0.19827586206896553, 0.19827586206896553, 0.19827586206896553, 0.19827586206896553, 0.19827586206896553, 0.19827586206896553, 0.19827586206896553, 0.19827586206896553, 0.19827586206896553, 0.19827586206896553, 0.19827586206896553, 0.19827586206896553, 0.19827586206896553, 0.19827586206896553, 0.19827586206896553, 0.19827586206896553, 0.19827586206896553, 0.19827586206896553, 0.19827586206896553, 0.19827586206896553, 0.19827586206896553, 0.19827586206896553, 0.19827586206896553, 0.19827586206896553, 0.19827586206896553, 0.19827586206896553, 0.19827586206896553, 0.19827586206896553, 0.19827586206896553, 0.19827586206896553, 0.19827586206896553, 0.19827586206896553, 0.19827586206896553, 0.19827586206896553, 0.19827586206896553, 0.19827586206896553, 0.19827586206896553, 0.19827586206896553, 0.19827586206896553, 0.19827586206896553, 0.19827586206896553, 0.19827586206896553, 0.19827586206896553, 0.19827586206896553, 0.19827586206896553, 0.19827586206896553, 0.19827586206896553, 0.19827586206896553, 0.19827586206896553, 0.19827586206896553, 0.19827586206896553, 0.19827586206896553, 0.19827586206896553, 0.19827586206896553, 0.19827586206896553, 0.19827586206896553, 0.19827586206896553, 0.19827586206896553, 0.19827586206896553, 0.19827586206896553, 0.19827586206896553, 0.19827586206896553, 0.19827586206896553, 0.19827586206896553, 0.19827586206896553, 0.19827586206896553, 0.19827586206896553, 0.19827586206896553, 0.19827586206896553, 0.19827586206896553, 0.19827586206896553, 0.19827586206896553, 0.19827586206896553, 0.19827586206896553, 0.19827586206896553, 0.19827586206896553, 0.19827586206896553, 0.19827586206896553, 0.19827586206896553, 0.19827586206896553, 0.19827586206896553, 0.19827586206896553, 0.19827586206896553, 0.19827586206896553, 0.19827586206896553, 0.19827586206896553, 0.19827586206896553, 0.19827586206896553, 0.19827586206896553, 0.19827586206896553, 0.19827586206896553, 0.19827586206896553, 0.19827586206896553, 0.19827586206896553, 0.19827586206896553, 0.19827586206896553, 0.19827586206896553, 0.19827586206896553, 0.19827586206896553, 0.19827586206896553, 0.19827586206896553, 0.19827586206896553, 0.19827586206896553, 0.19827586206896553, 0.19827586206896553, 0.19827586206896553, 0.19827586206896553, 0.19827586206896553, 0.19827586206896553, 0.19827586206896553, 0.19827586206896553, 0.19827586206896553, 0.19827586206896553, 0.19827586206896553, 0.19827586206896553, 0.19827586206896553, 0.19827586206896553, 0.19827586206896553, 0.19827586206896553, 0.19827586206896553, 0.19827586206896553, 0.19827586206896553, 0.19827586206896553, 0.19827586206896553, 0.19827586206896553, 0.19827586206896553, 0.19827586206896553, 0.19827586206896553, 0.19827586206896553, 0.19827586206896553, 0.19827586206896553, 0.19827586206896553, 0.19827586206896553, 0.19827586206896553, 0.19827586206896553, 0.19827586206896553, 0.19827586206896553, 0.19827586206896553, 0.19827586206896553, 0.19827586206896553, 0.19827586206896553, 0.19827586206896553, 0.19827586206896553, 0.19827586206896553, 0.19827586206896553, 0.19827586206896553, 0.19827586206896553, 0.19827586206896553, 0.19827586206896553, 0.19827586206896553, 0.19827586206896553, 0.19827586206896553, 0.19827586206896553, 0.19827586206896553, 0.19827586206896553, 0.19827586206896553, 0.19827586206896553, 0.19827586206896553, 0.19827586206896553, 0.19827586206896553, 0.19827586206896553, 0.19827586206896553, 0.19827586206896553, 0.19827586206896553, 0.19827586206896553, 0.19827586206896553, 0.1