```python
import numpy as np
import scipy.optimize as optimize
import time
from scipy.optimize import Bounds, minimize
from scipy.sparse import diags
from scipy.linalg import eigh
import warnings
from scipy.interpolate import interp1d

# Predefined initial construction
initial_h_values = np.array([0.0, 0.0, 0.0, 0.0, 0.0, 0.19827586206896553, 0.19827586206896553, 0.19827586206896553, 0.19827586206896553, 0.19827586206896553, 0.19827586206896553, 0.19827586206896553, 0.19827586206896553, 0.19827586206896553, 0.19827586206896553, 0.19827586206896553, 0.19827586206896553, 0.19827586206896553, 0.19827586206896553, 0.19827586206896553, 0.19827586206896553, 0.19827586206896553, 0.19827586206896553, 0.19827586206896553, 0.19827586206896553, 0.19827586206896553, 0.19827586206896553, 0.19827586206896553, 0.19827586206896553, 0.19827586206896553, 0.19827586206896553, 0.19827586206896553, 0.19827586206896553, 0.19827586206896553, 0.19827586206896553, 0.19827586206896553, 0.19827586206896553, 0.19827586206896553, 0.19827586206896553, 0.19827586206896553, 0.19827586206896553, 0.19827586206896553, 0.19827586206896553, 0.19827586206896553, 0.19827586206896553, 0.19827586206896553, 0.19827586206896553, 0.19827586206896553, 0.19827586206896553, 0.19827586206896553, 0.19827586206896553, 0.19827586206896553, 0.19827586206896553, 0.19827586206896553, 0.19827586206896553, 0.19827586206896553, 0.19827586206896553, 0.19827586206896553, 0.19827586206896553, 0.19827586206896553, 0.19827586206896553, 0.19827586206896553, 0.19827586206896553, 0.19827586206896553, 0.19827586206896553, 0.19827586206896553, 0.19827586206896553, 0.19827586206896553, 0.19827586206896553, 0.19827586206896553, 0.19827586206896553, 0.19827586206896553, 0.19827586206896553, 0.19827586206896553, 0.19827586206896553, 0.19827586206896553, 0.19827586206896553, 0.19827586206896553, 0.19827586206896553, 0.19827586206896553, 0.19827586206896553, 0.19827586206896553, 0.19827586206896553, 0.19827586206896553, 0.19827586206896553, 0.19827586206896553, 0.19827586206896553, 0.19827586206896553, 0.19827586206896553, 0.19827586206896553, 0.19827586206896553, 0.19827586206896553, 0.19827586206896553, 0.19827586206896553, 0.19827586206896553, 0.19827586206896553, 0.19827586206896553, 0.19827586206896553, 0.19827586206896553, 0.19827586206896553, 0.19827586206896553, 0.19827586206896553, 0.19827586206896553, 0.19827586206896553, 0.19827586206896553, 0.19827586206896553, 0.19827586206896553, 0.19827586206896553, 0.19827586206896553, 0.19827586206896553, 0.19827586206896553, 0.19827586206896553, 0.19827586206896553, 0.19827586206896553, 0.19827586206896553, 0.19827586206896553, 0.19827586206896553, 0.19827586206896553, 0.19827586206896553, 0.19827586206896553, 0.19827586206896553, 0.19827586206896553, 0.19827586206896553, 0.19827586206896553, 0.19827586206896553, 0.19827586206896553, 0.19827586206896553, 0.19827586206896553, 0.19827586206896553, 0.19827586206896553, 0.19827586206896553, 0.19827586206896553, 0.19827586206896553, 0.19827586206896553, 0.19827586206896553, 0.19827586206896553, 0.19827586206896553, 0.19827586206896553, 0.19827586206896553, 0.19827586206896553, 0.19827586206896553, 0.19827586206896553, 0.19827586206896553, 0.19827586206896553, 0.19827586206896553, 0.19827586206896553, 0.19827586206896553, 0.19827586206896553, 0.19827586206896553, 0.19827586206896553, 0.19827586206896553, 0.19827586206896553, 0.19827586206896553, 0.19827586206896553, 0.19827586206896553, 0.19827586206896553, 0.19827586206896553, 0.19827586206896553, 0.19827586206896553, 0.19827586206896553, 0.19827586206896553, 0.19827586206896553, 0.19827586206896553, 0.19827586206896553, 0.19827586206896553, 0.19827586206896553, 0.19827586206896553, 0.19827586206896553, 0.19827586206896553, 0.19827586206896553, 0.19827586206896553, 0.19827586206896553, 0.19827586206896553, 0.19827586206896553, 0.19827586206896553, 0.19827586206896553, 0.19827586206896553, 0.19827586206896553, 0.19827586206896553, 0.19827586206896553, 0.19827586206896553, 0.19827586206896553, 0.19827586206896553, 0.19827586206896553, 0.19827586206896553, 0.19827586206896553, 0.19827586206896553, 0.19827586206896553, 0.19827586206896553, 0.19827586206896553, 0.19827586206896553, 0.19827586206896553, 0.19827586206896553, 0.19827586206896553, 0.19827586206896553, 0.19827586206896553, 0.19827586206896553, 0.19827586206896553, 0.19827586206896553, 0.19827586206896553, 0.19827586206896553, 0.19827586206896553, 0.19827586206896553, 0.19827586206896553, 0.19827586206896553, 0.19827586206896553, 0.19827586206896553, 0.19827586206896553, 0.19827586206896553, 0.19827586206896553, 0.19827586206896553, 0.19827586206896553, 0.19827586206896553, 0.19827586206896553, 0.19827586206896553, 0.19827586206896553, 0.19827586206896553, 0.19827586206896553, 0.19827586206896553, 0.19827586206896553, 0.19827586206896553, 0.19827586206896553, 0.19827586206896553, 0.19827586206896553, 0.19827586206896553, 0.19827586206896553, 0.19827586206896553, 0.19827586206896553, 0.19827586206896553, 0.19827586206896553, 0.19827586206896553, 0.19827586206896553, 0.19827586206896553, 0.19827586206896553, 0.19827586206896553, 0.19827586206896553, 0.19827586206896553, 0.19827586206896553, 0.19827586206896553, 0.19827586206896553, 0.19827586206896553, 0.19827586206896553, 0.19827586206896553, 0.19827586206896553, 0.19827586206896553, 0.19827586206896553, 0.19827586206896553, 0.19827586206896553, 0.19827586206896553, 0.19827586206896553, 0.19827586206896553, 0.19827586206896553, 0.19827586206896553, 0.19827586206896553, 0.19827586206896553, 0.19827586206896553, 0.19827586206896553, 0.19827586206896553, 0.19827586206896553, 0.19827586206896553, 0.19827586206896553, 0.19827586206896553, 0.19827586206896553, 0.19827586206896553, 0.19827586206896553, 0.19827586206896553, 0.19827586206896553, 0.19827586206896553, 0.19827586206896553, 0.19827586206896553, 0.19827586206896553, 0.19827586206896553, 0.19827586206896553, 0.19827586206896553, 0.19827586206896553, 0.19827586206896553, 0.19827586206896553, 0.19827586206896553, 0.19827586206896553, 0.19827586206896553, 0.19827586206896553, 0.19827586206896553, 0.19827586206896553, 0.19827586206896553, 0.19827586206896553, 0.19827586206896553, 0.19827586206896553, 0.19827586206896553, 0.19827586206896553, 0.19827586206896553, 0.19827586206896553, 0.19827586206896553, 0.19827586206896553, 0.19827586206896553, 0.19827586206896553, 0.19827586206896553, 0.19827586206896553, 0.19827586206896553, 0.19827586206896553, 0.19827586206896553, 0.19827586206896553, 0.19827586206896553, 0.19827586206896553, 0.19827586206896553, 0.19827586206896553, 0.19827586206896553, 0.19827586206896553, 0.19827586206896553, 0.19827586206896553, 0.19827586206896553, 0.19827586206896553, 0.19827586206896553, 0.19827586206896553, 0.19827586206896553, 0.19827586206896553, 0.19827586206896553, 0.19827586206896553, 0.19827586206896553, 0.19827586206896553, 0.19827586206896553, 0.19827586206896553, 0.19827586206896553, 0.19827586206896553, 0.19827586206896553, 0.19827586206896553, 0.19827586206896553, 0.19827586206896553, 0.19827586206896553, 0.19827586206896553, 0.19827586206896553, 0.19827586206896553, 0.19827586206896553, 0.19827586206896553, 0.19827586206896553, 0.19827586206896553, 0.19827586206896553, 0.19827586206896553, 0.19827586206896553, 0.19827586206896553, 0.19827586206896553, 0.19827586206896553, 0.19827586206896553, 0.19827586206896553, 0.19827586206896553, 0.19827586206896553, 0.19827586206896553, 0.19827586206896553, 0.19827586206896553, 0.19827586206896553, 0.19827586206896553, 0.19827586206896553, 0.19827586206896553, 0.19827586206896553, 0.19827586206896553, 0.19827586206896553, 0.19827586206896553, 0.19827586206896553, 0.19827586206896553, 0.19827586206896553, 0.19827586206896553, 0.19827586206896553, 0.19827586206896553, 0.19827586206896553, 0.19827586206896553, 0.19827586206896553, 0.19827586206896553, 0.19827586206896553, 0.19827586206896553, 0.19827586206896553, 0.19827586206896553, 0.19827586206896553, 0.19827586206896553, 0.19827586206896553, 0.19827586206896553, 0.19827586206896553, 0.19827586206896553, 0.19827586206896553, 0.19827586206896553, 0.19827586206896553, 0.19827586206896553, 0.19827586206896553, 0.19827586206896553, 0.19827586206896553, 0.19827586206896553, 0.19827586206896553, 0.19827586206896553, 0.19827586206896553, 0.19827586206896553, 0.19827586206896553, 0.19827586206896553, 0.19827586206896553, 0.19827586206896553, 0.19827586206896553, 0.19827586206896553, 0.19827586206896553, 0.19827586206896553, 0.19827586206896553, 0.19827586206896553, 0.19827586206896553, 0.19827586206896553, 0.19827586206896553, 0.19827586206896553, 0.19827586206896553, 0.19827586206896553, 0.19827586206896553, 0.19827586206896553, 0.19827586206896553, 0.19827586206896553, 0.19827586206896553, 0.19827586206896553, 0.19827586206896553, 0.19827586206896553, 0.19827586206896553, 0.19827586206896553, 0.19827586206896553, 0.19827586206896553, 0.19827586206896553, 0.19827586206896553, 0.19827586206896553, 0.19827586206896553, 0.19827586206896553, 0.19827586206896553, 0.19827586206896553, 0.19827586206896553, 0.19827586206896553, 0.19827586206896553, 0.19827586206896553, 0.19827586206896553, 0.19827586206896553, 0.19827586206896553, 0.19827586206896553, 0.19827586206896553, 0.19827586206896553, 0.19827586206896553, 0.19827586206896553, 0.19827586206896553, 0.19827586206896553, 0.19827586206896553, 0.19827586206896553, 0.19827586206896553, 0.19827586206896553, 0.19827586206896553, 0.19827586206896553, 0.19827586206896553, 0.19827586206896553, 0.19827586206896553, 0.19827586206896553, 0.19827586206896553, 0.19827586206896553, 0.19827586206896553, 0.19827586206896553, 0.19827586206896553, 0.19827586206896553, 0.19827586206896553, 0.19827586206896553, 0.19827586206896553, 0.19827586206896553, 0.19827586206896553, 0.19827586206896553, 0.19827586206896553, 0.19827586206896553, 0.19827586206896553, 0.19827586206896553, 0.19827586206896553, 0.19827586206896553, 0.19827586206896553, 0.19827586206896553, 0.19827586206896553, 0.19827586206896553, 0.19827586206896553, 0.19827586206896553, 0.19827586206896553, 0.19827586206896553, 0.19827586206896553, 0.19827586206896553, 0.19827586206896553, 0.19827586206896553, 0.19827586206896553, 0.19827586206896553, 0.19827586206896553, 0.19827586206896553, 0.19827586206896553, 0.19827586206896553, 0.19827586206896553, 0.19827586206896553, 0.19827586206896553, 0.19827586206896553, 0.19827586206896553, 0.19827586206896553, 0.19827586206896553, 0.19827586206896553, 0.19827586206896553, 0.19827586206896553, 0.19827586206896553, 0.19827586206896553, 0.19827586206896553, 0.19827586206896553, 0.19827586206896553, 0.19827586206896553, 0.19827586206896553, 0.19827586206896553, 0.19827586206896553, 0.19827586206896553, 0.19827586206896553, 0.19827586206896553, 0.19827586206896553, 0.19827586206896553, 0.19827586206896553, 0.19827586206896553, 0.19827586206896553, 0.19827586206896553, 0.19827586206896553, 0.19827586206896553, 0.19827586206896553, 0.19827586206896553, 0.19827586206896553, 0.19827586206896553, 0.19827586206896553, 0.19827586206896553, 0.19827586206896553, 0.19827586206896553, 0.19827586206896553, 0.19827586206896553, 0.19827586206896553, 0.19827586206896553, 0.19827586206896553, 0.19827586206896553, 0.19827586206896553, 0.19827586206896553, 0.19827586206896553, 0.19827586206896553, 0.19827586206896553, 0.19827586206896553, 0.19827586206896553, 0.19827586206896553, 0.19827586206896553, 0.19827586206896553, 0.19827586206896553, 0.19827586206896553, 0.19827586206896553, 0.19827586206896553, 0.19827586206896553, 0.19827586206896553, 0.19827586206896553, 0.19827586206896553, 0.19827586206896553, 0.19827586206896553, 0.19827586206896553, 0.19827586206896553, 0.19827586206896553, 0.19827586206896553, 0.19827586206896553, 0.19827586206896553, 0.19827586206896553, 0.19827586206896553, 0.19827586206896553, 0.19827586206896553, 0.19827586206896553, 0.19827586206896553, 0.19827586206896553, 0.19827586206896553, 0.19827586206896553, 0.19827586206896553, 0.19827586206896553, 0.19827586206896553, 0.19827586206896553, 0.19827586206896553, 0.19827586206896553, 0.19827586206896553, 0.19827586206896553, 0.19827586206896553, 0.19827586206896553, 0.19827586206896553, 0.19827586206896553, 0.19827586206896553, 0.19827586206896553, 0.19827586206896553, 0.19827586206896553, 0.19827586206896553, 0.19827586206896553, 0.19827586206896553, 0.19827586206896553, 0.19827586206896553, 0.19827586206896553, 0.19827586206896553, 0.19827586206896553, 0.19827586206896553, 0.19827586206896553, 0.19827586206896553, 0.19827586206896553, 0.19827586206896553, 0.19827586206896553, 0.19827586206896553, 0.19827586206896553, 0.19827586206896553, 0.19827586206896553, 0.19827586206896553, 0.19827586206896553, 0.19827586206896553, 0.19827586206896553, 0.19827586206896553, 0.19827586206896553, 0.19827586206896553, 0.19827586206896553, 0.19827586206896553, 0.19827586206896553, 0.19827586206896553, 0.19827586206896553, 0.19827586206896553, 0.19827586206896553, 0.19827586206896553, 0.19827586206896553, 0.19827586206896553, 0.19827586206896553, 0.19827586206896553, 0.19827586206896553, 0.19827586206896553, 0.19827586206896553, 0.19827586206896553, 0.19827586206896553, 0.19827586206896553, 0.19827586206896553, 0.19827586206896553, 0.19827586206896553, 0.19827586206896553, 0.19827586206896553, 0.19827586206896553, 0.19827586206896553, 0.19827586206896553, 0.19827586206896553, 0.19827586206896553, 0.19827586206896553, 0.19827586206896553, 0.19827586206896553, 0.19827586206896553, 0.19827586206896553, 0.19827586206896553, 0.19827586206896553, 0.19827586206896553, 0.19827586206896553, 0.19827586206896553, 0.19827586206896553, 0.19827586206896553, 0.19827586206896553, 0.19827586206896553, 0.19827586206896553, 0.19827586206896553, 0.19827586206896553, 0.19827586206896553, 0.19827586206896553, 0.19827586206896553, 0.19827586206896553, 0.19827586206896553, 0.19827586206896553, 0.19827586206896553, 0.19827586206896553, 0.19827586206896553, 0.19827586206896553, 0.19827586206896553, 0.19827586206896553, 0.19827586206896553, 0.19827586206896553, 0.19827586206896553, 0.19827586206896553, 0.19827586206896553, 0.19827586206896553, 0.19827586206896553, 0.19827586206896553, 0.19827586206896553, 0.19827586206896553, 0.19827586206896553, 0.19827586206896553, 0.19827586206896553, 0.19827586206896553, 0.19827586206896553, 0.19827586206896553, 0.19827586206896553, 0.19827586206896553, 0.19827586206896553, 0.19827586206896553, 0.19827586206896553, 0.19827586206896553, 0.19827586206896553, 0.19827586206896553, 0.19827586206896553, 0.19827586206896553, 0.19827586206896553, 0.19827586206896553, 0.19827586206896553, 0.19827586206896553, 0.19827586206896553, 0.19827586206896553, 0.19827586206896553, 0.19827586206896553, 0.19827586206896553, 0.19827586206896553, 0.19827586206896553, 0.19827586206896553, 0.19827586206896553, 0.19827586206896553, 0.19827586206896553, 0.19827586206896553, 0.19827586206896553, 0.19827586206896553, 0.19827586206896553, 0.19827586206896553, 0.19827586206896553, 0.19827586206896553, 0.19827586206896553, 0.19827586206896553, 0.19827586206896553, 0.19827586206896553, 0.19827586206896553, 0.19827586206896553, 0.19827586206896553, 0.19827586206896553, 0.19827586206896553, 0.19827586206896553, 0.19827586206896553, 0.19827586206896553, 0.19827586206896553, 0.19827586206896553, 0.19827586206896553, 0.19827586206896553, 0.19827586206896553, 0.19827586206896553, 0.19827586206896553, 0.19827586206896553, 0.19827586206896553, 0.19827586206896553, 0.19827586206896553, 0.19827586206896553, 0.19827586206896553, 0.19827586206896553, 0.19827586206896553, 0.19827586206896553, 0.19827586206896553, 0.19827586206896553, 0.19827586206896553, 0.19827586206896553, 0.19827586206896553, 0.19827586206896553, 0.19827586206896553, 0.19827586206896553, 0.19827586206896553, 0.19827586206896553, 0.19827586206896553, 0.19827586206896553, 0.19827586206896553, 0.19827586206896553, 0.19827586206896553, 0.19827586206896553, 0.19827586206896553, 0.19827586206896553, 0.19827586206896553, 0.19827586206896553, 0.19827586206896553, 0.19827586206896553, 0.19827586206896553, 0.19827586206896553, 0.19827586206896553, 0.19827586206896553, 0.19827586206896553, 0.19827586206896553, 0.19827586206896553, 0.19827586206896553, 0.19827586206896553, 0.19827586206896553, 0.19827586206896553, 0.19827586206896553, 0.19827586206896553, 0.19827586206896553, 0.19827586206896553, 0.19827586206896553, 0.19827586206896553, 0.19827586206896553, 0.19827586206896553, 0.19827586206896553, 0.19827586206896553, 0.19827586206896553, 0.19827586206896553, 0.19827586206896553, 0.19827586206896553, 0.19827586206896553, 0.19827586206896553, 0.19827586206896553, 0.19827586206896553, 0.19827586206896553, 0.19827586206896553, 0.19827586206896553, 0.19827586206896553, 0.19827586206896553, 0.19827586206896553, 0.19827586206896553, 0.19827586206896553, 0.19827586206896553, 0.19827586206896553, 0.19827586206896553, 0.19827586206896553, 0.19827586206896553, 0.19827586206896553, 0.19827586206896553, 0.19827586206896553, 0.19827586206896553, 0.19827586206896553, 0.19827586206896553, 0.19827586206896553, 0.19827586206896553, 0.19827586206896553, 0.19827586206896553, 0.19827586206896553, 0.19827586206896553, 0.19827586206896553, 0.19827586206896553, 0.19827586206896553, 0.19827586206896553, 0.19827586206896553, 0.19827586206896553, 0.19827586206896553, 0.19827586206896553, 0.19827586206896553, 0.19827586206896553, 0.19827586206896553, 0.19827586206896553, 0.19827586206896553, 0.19827586206896553, 0.19827586206896553, 0.19827586206896553, 0.19827586206896553, 0.19827586206896553, 0.19827586206896553, 0.19827586206896553, 0.19827586206896553, 0.19827586206896553, 0.19827586206896553, 0.19827586206896553, 0.19827586206896553, 0.19827586206896553, 0.19827586206896553, 0.19827586206896553, 0.19827586206896553, 0.19827586206896553, 0.19827586206896553, 0.19827586206896553, 0.19827586206896553, 0.19827586206896553, 0.19827586206896553, 0.19827586206896553, 0.19827586206896553, 0.19827586206896553, 0.19827586206896553, 0.19827586206896553, 0.19827586206896553, 0.19827586206896553, 0.19827586206896553, 0.19827586206896553, 0.19827586206896553, 0.19827586206896553, 0.19827586206896553, 0.19827586206896553, 0.19827586206896553, 0.19827586206896553, 0.19827586206896553, 0.19827586206896553, 0.19827586206896553, 0.19827586206896553, 0.19827586206896553, 0.19827586206896553, 0.19827586206896553, 0.19827586206896553, 0.19827586206896553, 0.19827586206896553, 0.19827586206896553, 0.19827586206896553, 0.19827586206896553, 0.19827586206896553, 0.19827586206896553, 0.19827586206896553, 0.19827586206896553, 0.19827586206896553, 0.19827586206896553, 0.19827586206896553, 0.19827586206896553, 0.19827586206896553, 0.19827586206896553, 0.19827586206896553, 0.19827586206896553, 0.19827586206896553, 0.19827586206896553, 0.19827586206896553, 0.19827586206896553, 0.19827586206896553, 0.19827586206896553, 0.19827586206896553, 0.19827586206896553, 0.19827586206896553, 0.19827586206896553, 0.19827586206896553, 0.19827586206896553, 0.19827586206896553, 0.19827586206896553, 0.19827586206896553, 0.19827586206896553, 0.19827586206896553, 0.19827586206896553, 0.19827586206896553, 0.19827586206896553, 0.19827586206896553, 0.19827586206896553, 0.19827586206896553, 0.19827586206896553, 0.19827586206896553, 0.19827586206896553, 0.19827586206896553, 0.19827586206896553, 0.19827586206896553, 0.19827586206896553, 0.19827586206896553, 0.19827586206896553, 0.19827586206896553, 0.19827586206896553, 0.19827586206896553, 0.19827586206896553, 0.19827586206896553, 0.19827586206896553, 0.19827586206896553, 0.19827586206896553, 0.19827586206896553, 0.19827586206896553, 0.19827586206896553, 0.19827586206896553, 0.19827586206896553, 0.19827586206896553, 0.19827586206896553, 0.19827586206896553, 0.19827586206896553, 0.19827586206896553, 0.19827586206896553, 0.19827586206896553, 0.19827586206896553, 0.19827586206896553, 0.19827586206896553, 0.19827586206896553, 0.19827586206896553, 0.19827586206896553, 0.19827586206896553, 0.19827586206896553, 0.19827586206896553, 0.19827586206896553, 0.19827586206896553, 0.19827586206896553, 0.19827586206896553, 0.19827586206896553, 0.19827586206896553, 0.19827586206896553, 0.19827586206896553, 0.19827586206896553, 0.19827586206896553, 0.19827586206896553, 0.19827586206896553, 0.19827586206896553, 0.19827586206896553, 0.19827586206896553, 0.19827586206896553, 0.19827586206896553, 0.19827586206896553, 0.19827586206896553, 0.19827586206896553, 0.19827586206896553, 0.19827586206896553, 0.19827586206896553, 0.19827586206896553, 0.19827586206896553, 0.19827586206896553, 0.19827586206896553, 0.19827586206896553, 0.19827586206896553, 0.19827586206896553, 0.19827586206896553, 0.19827586206896553, 0.19827586206896553, 0.19827586206896553, 0.19827586206896553, 0.19827586206896553, 0.19827586206896553, 0.19827586206896553, 0.19827586206896553, 0.19827586206896553, 0.19827586206896553, 0.19827586206896553, 0.19827586206896553, 0.19827586206896553, 0.19827586206896553, 0.19827586206896553, 0.19827586206896553, 0.19827586206896553, 0.19827586206896553, 0.19827586206896553, 0.19827586206896553, 0.19827586206896553, 0.19827586206896553, 0.19827586206896553, 0.19827586206896553, 0.19827586206896553, 0.19827586206896553, 0.19827586206896553, 0.19827586206896553, 0.19827586206896553, 0.19827586206896553, 0.19827586206896553, 0.19827586206896553, 0.19827586206896553, 0.19827586206896553, 0.19827586206896553, 0.19827586206896553, 0.19827586206896553, 0.19827586206896553, 0.19827586206896553, 0.19827586206896553, 0.19827586206896553, 0.19827586206896553, 0.19827586206896553, 0.19827586206896553, 0.19827586206896553, 0.19827586206896553, 0.19827586206896553, 0.19827586206896553, 0.19827586206896553, 0.19827586206896553, 0.19827586206896553, 0.19827586206896553, 0.19827586206896553, 0.19827586206896553, 0.19827586206896553, 0.19827586206896553, 0.19827586206896553, 0.19827586206896553, 0.19827586206896553, 0.19827586206896553, 0.19827586206896553, 0.19827586206896553, 0.19827586206896553, 0.19827586206896553, 0.19827586206896553, 0.19827586206896553, 0.19827586206896553, 0.19827586206896553, 0.19827586206896553, 0.19827586206896553, 0.19827586206896553, 0.19827586206896553, 0.19827586206896553, 0.19827586206896553, 0.19827586206896553, 0.19827586206896553, 0.19827586206896553, 0.19827586206896553, 0.19827586206896553, 0.19827586206896553, 0.19827586206896553, 0.19827586206896553, 0.19827586206896553, 0.19827586206896553, 0.19827586206896553, 0.19827586206896553, 0.19827586206896553, 0.19827586206896553, 0.19827586206896553, 0.19827586206896553, 0.19827586206896553, 0.19827586206896553, 0.19827586206896553, 0.19827586206896553, 0.19827586206896553, 0.19827586206896553, 0.19827586206896553, 0.19827586206896553, 0.19827586206896553, 0.19827586206896553, 0.19827586206896553, 0.19827586206896553, 0.19827586206896553, 0.19827586206896553, 0.19827586206896553, 0.19827586206896553, 0.19827586206896553, 0.19827586206896553, 0.19827586206896553, 0.19827586206896553, 0.19827586206896553, 0.19827586206896553, 0.19827586206896553, 0.19827586206896553, 0.19827586206896553, 0.19827586206896553, 0.19827586206896553, 0.19827586206896553, 0.19827586206896553, 0.19827586206896553, 0.19827586206896553, 0.19827586206896553, 0.19827586206896553, 0.19827586206896553, 0.19827586206896553, 0.19827586206896553, 0.19827586206896553, 0.19827586206896553, 0.19827586206896553, 0.19827586206896553, 0.19827586206896553, 0.19827586206896553, 0.19827586206896553, 0.19827586206896553, 0.19827586206896553, 0.19827586206896553, 0.19827586206896553, 0.19827586206896553, 0.19827586206896553, 0.19827586206896553, 0.19827586206896553, 0.19827586206896553, 0.19827586206896553, 0.19827586206896553, 0.19827586206896553, 0.19827586206896553, 0.19827586206896553, 0.19827586206896553, 0.19827586206896553, 0.19827586206896553, 0.19827586206896553, 0.19827586206896553, 0.19827586206896553, 0.19827586206896553, 0.19827586206896553, 0.19827586206896553, 0.19827586206896553, 0.19827586206896553, 0.19827586206896553, 0.19827586206896553, 0.19827586206896553, 0.19827586206896553, 0.19827586206896553, 0.19827586206896553, 0.19827586206896553, 0.19827586206896553, 0.19827586206896553, 0.19827586206896553, 0.19827586206896553, 0.19827586206896553, 0.19827586206896553, 0.19827586206896553, 0.19827586206896553, 0.19827586206896553, 0.19827586206896553, 0.19827586206896553, 0.19827586206896553, 0.19827586206896553, 0.19827586206896553, 0.19827586206896553, 0.19827586206896553, 0.19827586206896553, 0.19827586206896553, 0.19827586206896553, 0.19827586206896553, 0.19827586206896553, 0.19827586206896553, 0.19827586206896553, 0.19827586206896553, 0.19827586206896553, 0.19827586206896553, 0.19827586206896553, 0.19827586206896553, 0.19827586206896553, 0.19827586206896553, 0.19827586206896553, 0.19827586206896553, 0.19827586206896553, 0.19827586206896553, 0.19827586206896553, 0.19827586206896553, 0.19827586206896553, 0.19827586206896553, 0.19827586206896553, 0.19827586206896553, 0.19827586206896553, 0.19827586206896553, 0.19827586206896553, 0.19827586206896553, 0.19827586206896553, 0.19827586206896553, 0.19827586206896553, 0.19827586206896553, 0.19827586206896553, 0.19827586206896553, 0.19827586206896553, 0.19827586206896553, 0.19827586206896553, 0.19827586206896553, 0.19827586206896553, 0.19827586206896553, 0.19827586206896553, 0.19827586206896553, 0.19827586206896553, 0.19827586206896553, 0.19827586206896553, 0.19827586206896553, 0.19827586206896553, 0.19827586206896553, 0.19827586206896553, 0.19827586206896553, 0.19827586206896553, 0.19827586206896553, 0.19827586206896553, 0.19827586206896553, 0.19827586206896553, 0.19827586206896553, 0.19827586206896553, 0.19827586206896553, 0.19827586206896553, 0.19827586206896553, 0.19827586206896553, 0.19827586206896553, 0.19827586206896553, 0.19827586206896553, 0.19827586206896553, 0.19827586206896553, 0.19827586206896553, 0.19827586206896553, 0.19827586206896553, 0.19827586206896553, 0.19827586206896553, 0.19827586206896553, 0.19827586206896553, 0.19827586206896553, 0.19827586206896553, 0.19827586206896553, 0.19827586206896553, 0.19827586206896553, 0.19827586206896553, 0.19827586206896553, 0.19827586206896553, 0.19827586206896553, 0.19827586206896553, 0.19827586206896553, 0.19827586206896553, 0.19827586206896553, 0.19827586206896553, 0.19827586206896553, 0.19827586206896553, 0.19827586206896553, 0.19827586206896553, 0.19827586206896553, 0.19827586206896553, 0.19827586206896553, 0.19827586206896553, 0.19827586206896553, 0.19827586206896553, 0.19827586206896553, 0.19827586206896553, 0.19827586206896553, 0.19827586206896553, 0.19827586206896553, 0.19827586206896553, 0.19827586206896553, 0.19827586206896553, 0.19827586206896553, 0.19827586206896553, 0.19827586206896553, 0.19827586206896553, 0.19827586206896553, 0.19827586206896553, 0.19827586206896553, 0.19827586206896553, 0.19827586206896553, 0.19827586206896553, 0.19827586206896553, 0.19827586206896553, 0.19827586206896553, 0.19827586206896553, 0.19827586206896553, 0.19827586206896553, 0.19827586206896553, 0.19827586206896553, 0.19827586206896553, 0.19827586206896553, 0.19827586206896553, 0.19827586206896553, 0.19827586206896553, 0.19827586206896553, 0.19827586206896553, 0.19827586206896553, 0.19827586206896553, 0.19827586206896553, 0.19827586206896553, 0.19827586206896553, 0.19827586206896553, 0.19827586206896553, 0.19827586206896553, 0.19827586206896553, 0.19827586206896553, 0.19827586206896553, 0.19827586206896553, 0.19827586206896553, 0.19827586206896553, 0.19827586206896553, 0.19827586206896553, 0.19827586206896553, 0.19827586206896553, 0.19827586206896553, 0.19827586206896553, 0.19827586206896553, 0.19827586206896553, 0.19827586206896553, 0.19827586206896553, 0.19827586206896553, 0.19827586206896553, 0.19827586206896553, 0.19827586206896553, 0.19827586206896553, 0.19827586206896553, 0.19827586206896553, 0.19827586206896553, 0.19827586206896553, 0.19827586206896553, 0.19827586206896553, 0.19827586206896553, 0.19827586206896553, 0.19827586206896553, 0.19827586206896553, 0.19827586206896553, 0.19827586206896553, 0.19827586206896553, 0.19827586206896553, 0.19827586206896553, 0.19827586206896553, 0.19827586206896553, 0.19827586206896553, 0.19827586206896553, 0.19827586206896553, 0.19827586206896553, 0.19827586206896553, 0.19827586206896553, 0.19827586206896553, 0.19827586206896553, 0.19827586206896553, 0.19827586206896553, 0.19827586206896553, 0.19827586206896553, 0.19827586206896553, 0.19827586206896553, 0.19827586206896553, 0.19827586206896553, 0.19827