```python
import numpy as np
import scipy.optimize as optimize
from scipy.optimize import Bounds, minimize
import time
from scipy.sparse import diags
from scipy.linalg import eigh
import warnings
import matplotlib.pyplot as plt

warnings.simplefilter("ignore")

# Predefined initial construction
initial_h_values = np.array([0.0, 0.0, 0.0, 0.0, 0.0, 0.19827586206896553, 0.19827586206896553, 0.19827586206896553, 0.19827586206896553, 0.19827586206896553, 0.19827586206896553, 0.19827586206896553, 0.19827586206896553, 0.19827586206896553, 0.19827586206896553, 0.19827586206896553, 0.19827586206896553, 0.19827586206896553, 0.19827586206896553, 0.19827586206896553, 0.19827586206896553, 0.19827586206896553, 0.19827586206896553, 0.19827586206896553, 0.19827586206896553, 0.19827586206896553, 0.19827586206896553, 0.19827586206896553, 0.19827586206896553, 0.19827586206896553, 0.19827586206896553, 0.19827586206896553, 0.19827586206896553, 0.19827586206896553, 0.19827586206896553, 0.19827586206896553, 0.19827586206896553, 0.19827586206896553, 0.19827586206896553, 0.19827586206896553, 0.19827586206896553, 0.19827586206896553, 0.19827586206896553, 0.19827586206896553, 0.19827586206896553, 0.19827586206896553, 0.19827586206896553, 0.19827586206896553, 0.19827586206896553, 0.19827586206896553, 0.19827586206896553, 0.19827586206896553, 0.19827586206896553, 0.19827586206896553, 0.19827586206896553, 0.19827586206896553, 0.19827586206896553, 0.19827586206896553, 0.19827586206896553, 0.19827586206896553, 0.19827586206896553, 0.19827586206896553, 0.19827586206896553, 0.19827586206896553, 0.19827586206896553, 0.19827586206896553, 0.19827586206896553, 0.19827586206896553, 0.19827586206896553, 0.19827586206896553, 0.19827586206896553, 0.19827586206896553, 0.19827586206896553, 0.19827586206896553, 0.19827586206896553, 0.19827586206896553, 0.19827586206896553, 0.19827586206896553, 0.19827586206896553, 0.19827586206896553, 0.19827586206896553, 0.19827586206896553, 0.19827586206896553, 0.19827586206896553, 0.19827586206896553, 0.19827586206896553, 0.19827586206896553, 0.19827586206896553, 0.19827586206896553, 0.19827586206896553, 0.19827586206896553, 0.19827586206896553, 0.19827586206896553, 0.19827586206896553, 0.19827586206896553, 0.19827586206896553, 0.19827586206896553, 0.19827586206896553, 0.19827586206896553, 0.19827586206896553, 0.19827586206896553, 0.19827586206896553, 0.19827586206896553, 0.19827586206896553, 0.19827586206896553, 0.19827586206896553, 0.19827586206896553, 0.19827586206896553, 0.19827586206896553, 0.19827586206896553, 0.19827586206896553, 0.19827586206896553, 0.19827586206896553, 0.19827586206896553, 0.19827586206896553, 0.19827586206896553, 0.19827586206896553, 0.19827586206896553, 0.19827586206896553, 0.19827586206896553, 0.19827586206896553, 0.19827586206896553, 0.19827586206896553, 0.19827586206896553, 0.19827586206896553, 0.19827586206896553, 0.19827586206896553, 0.19827586206896553, 0.19827586206896553, 0.19827586206896553, 0.19827586206896553, 0.19827586206896553, 0.19827586206896553, 0.19827586206896553, 0.19827586206896553, 0.19827586206896553, 0.19827586206896553, 0.19827586206896553, 0.19827586206896553, 0.19827586206896553, 0.19827586206896553, 0.19827586206896553, 0.19827586206896553, 0.19827586206896553, 0.19827586206896553, 0.19827586206896553, 0.19827586206896553, 0.19827586206896553, 0.19827586206896553, 0.19827586206896553, 0.19827586206896553, 0.19827586206896553, 0.19827586206896553, 0.19827586206896553, 0.19827586206896553, 0.19827586206896553, 0.19827586206896553, 0.19827586206896553, 0.19827586206896553, 0.19827586206896553, 0.19827586206896553, 0.19827586206896553, 0.19827586206896553, 0.19827586206896553, 0.19827586206896553, 0.19827586206896553, 0.19827586206896553, 0.19827586206896553, 0.19827586206896553, 0.19827586206896553, 0.19827586206896553, 0.19827586206896553, 0.19827586206896553, 0.19827586206896553, 0.19827586206896553, 0.19827586206896553, 0.19827586206896553, 0.19827586206896553, 0.19827586206896553, 0.19827586206896553, 0.19827586206896553, 0.19827586206896553, 0.19827586206896553, 0.19827586206896553, 0.19827586206896553, 0.19827586206896553, 0.19827586206896553, 0.19827586206896553, 0.19827586206896553, 0.19827586206896553, 0.19827586206896553, 0.19827586206896553, 0.19827586206896553, 0.19827586206896553, 0.19827586206896553, 0.19827586206896553, 0.19827586206896553, 0.19827586206896553, 0.19827586206896553, 0.19827586206896553, 0.19827586206896553, 0.19827586206896553, 0.19827586206896553, 0.19827586206896553, 0.19827586206896553, 0.19827586206896553, 0.19827586206896553, 0.19827586206896553, 0.19827586206896553, 0.19827586206896553, 0.19827586206896553, 0.19827586206896553, 0.19827586206896553, 0.19827586206896553, 0.19827586206896553, 0.19827586206896553, 0.19827586206896553, 0.19827586206896553, 0.19827586206896553, 0.19827586206896553, 0.19827586206896553, 0.19827586206896553, 0.19827586206896553, 0.19827586206896553, 0.19827586206896553, 0.19827586206896553, 0.19827586206896553, 0.19827586206896553, 0.19827586206896553, 0.19827586206896553, 0.19827586206896553, 0.19827586206896553, 0.19827586206896553, 0.19827586206896553, 0.19827586206896553, 0.19827586206896553, 0.19827586206896553, 0.19827586206896553, 0.19827586206896553, 0.19827586206896553, 0.19827586206896553, 0.19827586206896553, 0.19827586206896553, 0.19827586206896553, 0.19827586206896553, 0.19827586206896553, 0.19827586206896553, 0.19827586206896553, 0.19827586206896553, 0.19827586206896553, 0.19827586206896553, 0.19827586206896553, 0.19827586206896553, 0.19827586206896553, 0.19827586206896553, 0.19827586206896553, 0.19827586206896553, 0.19827586206896553, 0.19827586206896553, 0.19827586206896553, 0.19827586206896553, 0.19827586206896553, 0.19827586206896553, 0.19827586206896553, 0.19827586206896553, 0.19827586206896553, 0.19827586206896553, 0.19827586206896553, 0.19827586206896553, 0.19827586206896553, 0.19827586206896553, 0.19827586206896553, 0.19827586206896553, 0.19827586206896553, 0.19827586206896553, 0.19827586206896553, 0.19827586206896553, 0.19827586206896553, 0.19827586206896553, 0.19827586206896553, 0.19827586206896553, 0.19827586206896553, 0.19827586206896553, 0.19827586206896553, 0.19827586206896553, 0.19827586206896553, 0.19827586206896553, 0.19827586206896553, 0.19827586206896553, 0.19827586206896553, 0.19827586206896553, 0.19827586206896553, 0.19827586206896553, 0.19827586206896553, 0.19827586206896553, 0.19827586206896553, 0.19827586206896553, 0.19827586206896553, 0.19827586206896553, 0.19827586206896553, 0.19827586206896553, 0.19827586206896553, 0.19827586206896553, 0.19827586206896553, 0.19827586206896553, 0.19827586206896553, 0.19827586206896553, 0.19827586206896553, 0.19827586206896553, 0.19827586206896553, 0.19827586206896553, 0.19827586206896553, 0.19827586206896553, 0.19827586206896553, 0.19827586206896553, 0.19827586206896553, 0.19827586206896553, 0.19827586206896553, 0.19827586206896553, 0.19827586206896553, 0.19827586206896553, 0.19827586206896553, 0.19827586206896553, 0.19827586206896553, 0.19827586206896553, 0.19827586206896553, 0.19827586206896553, 0.19827586206896553, 0.19827586206896553, 0.19827586206896553, 0.19827586206896553, 0.19827586206896553, 0.19827586206896553, 0.19827586206896553, 0.19827586206896553, 0.19827586206896553, 0.19827586206896553, 0.19827586206896553, 0.19827586206896553, 0.19827586206896553, 0.19827586206896553, 0.19827586206896553, 0.19827586206896553, 0.19827586206896553, 0.19827586206896553, 0.19827586206896553, 0.19827586206896553, 0.19827586206896553, 0.19827586206896553, 0.19827586206896553, 0.19827586206896553, 0.19827586206896553, 0.19827586206896553, 0.19827586206896553, 0.19827586206896553, 0.19827586206896553, 0.19827586206896553, 0.19827586206896553, 0.19827586206896553, 0.19827586206896553, 0.19827586206896553, 0.19827586206896553, 0.19827586206896553, 0.19827586206896553, 0.19827586206896553, 0.19827586206896553, 0.19827586206896553, 0.19827586206896553, 0.19827586206896553, 0.19827586206896553, 0.19827586206896553, 0.19827586206896553, 0.19827586206896553, 0.19827586206896553, 0.19827586206896553, 0.19827586206896553, 0.19827586206896553, 0.19827586206896553, 0.19827586206896553, 0.19827586206896553, 0.19827586206896553, 0.19827586206896553, 0.19827586206896553, 0.19827586206896553, 0.19827586206896553, 0.19827586206896553, 0.19827586206896553, 0.19827586206896553, 0.19827586206896553, 0.19827586206896553, 0.19827586206896553, 0.19827586206896553, 0.19827586206896553, 0.19827586206896553, 0.19827586206896553, 0.19827586206896553, 0.19827586206896553, 0.19827586206896553, 0.19827586206896553, 0.19827586206896553, 0.19827586206896553, 0.19827586206896553, 0.19827586206896553, 0.19827586206896553, 0.19827586206896553, 0.19827586206896553, 0.19827586206896553, 0.19827586206896553, 0.19827586206896553, 0.19827586206896553, 0.19827586206896553, 0.19827586206896553, 0.19827586206896553, 0.19827586206896553, 0.19827586206896553, 0.19827586206896553, 0.19827586206896553, 0.19827586206896553, 0.19827586206896553, 0.19827586206896553, 0.19827586206896553, 0.19827586206896553, 0.19827586206896553, 0.19827586206896553, 0.19827586206896553, 0.19827586206896553, 0.19827586206896553, 0.19827586206896553, 0.19827586206896553, 0.19827586206896553, 0.19827586206896553, 0.19827586206896553, 0.19827586206896553, 0.19827586206896553, 0.19827586206896553, 0.19827586206896553, 0.19827586206896553, 0.19827586206896553, 0.19827586206896553, 0.19827586206896553, 0.19827586206896553, 0.19827586206896553, 0.19827586206896553, 0.19827586206896553, 0.19827586206896553, 0.19827586206896553, 0.19827586206896553, 0.19827586206896553, 0.19827586206896553, 0.19827586206896553, 0.19827586206896553, 0.19827586206896553, 0.19827586206896553, 0.19827586206896553, 0.19827586206896553, 0.19827586206896553, 0.19827586206896553, 0.19827586206896553, 0.19827586206896553, 0.19827586206896553, 0.19827586206896553, 0.19827586206896553, 0.19827586206896553, 0.19827586206896553, 0.19827586206896553, 0.19827586206896553, 0.19827586206896553, 0.19827586206896553, 0.19827586206896553, 0.19827586206896553, 0.19827586206896553, 0.19827586206896553, 0.19827586206896553, 0.19827586206896553, 0.19827586206896553, 0.19827586206896553, 0.19827586206896553, 0.19827586206896553, 0.19827586206896553, 0.19827586206896553, 0.19827586206896553, 0.19827586206896553, 0.19827586206896553, 0.19827586206896553, 0.19827586206896553, 0.19827586206896553, 0.19827586206896553, 0.19827586206896553, 0.19827586206896553, 0.19827586206896553, 0.19827586206896553, 0.19827586206896553, 0.19827586206896553, 0.19827586206896553, 0.19827586206896553, 0.19827586206896553, 0.19827586206896553, 0.19827586206896553, 0.19827586206896553, 0.19827586206896553, 0.19827586206896553, 0.19827586206896553, 0.19827586206896553, 0.19827586206896553, 0.19827586206896553, 0.19827586206896553, 0.19827586206896553, 0.19827586206896553, 0.19827586206896553, 0.19827586206896553, 0.19827586206896553, 0.19827586206896553, 0.19827586206896553, 0.19827586206896553, 0.19827586206896553, 0.19827586206896553, 0.19827586206896553, 0.19827586206896553, 0.19827586206896553, 0.19827586206896553, 0.19827586206896553, 0.19827586206896553, 0.19827586206896553, 0.19827586206896553, 0.19827586206896553, 0.19827586206896553, 0.19827586206896553, 0.19827586206896553, 0.19827586206896553, 0.19827586206896553, 0.19827586206896553, 0.19827586206896553, 0.19827586206896553, 0.19827586206896553, 0.19827586206896553, 0.19827586206896553, 0.19827586206896553, 0.19827586206896553, 0.19827586206896553, 0.19827586206896553, 0.19827586206896553, 0.19827586206896553, 0.19827586206896553, 0.19827586206896553, 0.19827586206896553, 0.19827586206896553, 0.19827586206896553, 0.19827586206896553, 0.19827586206896553, 0.19827586206896553, 0.19827586206896553, 0.19827586206896553, 0.19827586206896553, 0.19827586206896553, 0.19827586206896553, 0.19827586206896553, 0.19827586206896553, 0.19827586206896553, 0.19827586206896553, 0.19827586206896553, 0.19827586206896553, 0.19827586206896553, 0.19827586206896553, 0.19827586206896553, 0.19827586206896553, 0.19827586206896553, 0.19827586206896553, 0.19827586206896553, 0.19827586206896553, 0.19827586206896553, 0.19827586206896553, 0.19827586206896553, 0.19827586206896553, 0.19827586206896553, 0.19827586206896553, 0.19827586206896553, 0.19827586206896553, 0.19827586206896553, 0.19827586206896553, 0.19827586206896553, 0.19827586206896553, 0.19827586206896553, 0.19827586206896553, 0.19827586206896553, 0.19827586206896553, 0.19827586206896553, 0.19827586206896553, 0.19827586206896553, 0.19827586206896553, 0.19827586206896553, 0.19827586206896553, 0.19827586206896553, 0.19827586206896553, 0.19827586206896553, 0.19827586206896553, 0.19827586206896553, 0.19827586206896553, 0.19827586206896553, 0.19827586206896553, 0.19827586206896553, 0.19827586206896553, 0.19827586206896553, 0.19827586206896553, 0.19827586206896553, 0.19827586206896553, 0.19827586206896553, 0.19827586206896553, 0.19827586206896553, 0.19827586206896553, 0.19827586206896553, 0.19827586206896553, 0.19827586206896553, 0.19827586206896553, 0.19827586206896553, 0.19827586206896553, 0.19827586206896553, 0.19827586206896553, 0.19827586206896553, 0.19827586206896553, 0.19827586206896553, 0.19827586206896553, 0.19827586206896553, 0.19827586206896553, 0.19827586206896553, 0.19827586206896553, 0.19827586206896553, 0.19827586206896553, 0.19827586206896553, 0.19827586206896553, 0.19827586206896553, 0.19827586206896553, 0.19827586206896553, 0.19827586206896553, 0.19827586206896553, 0.19827586206896553, 0.19827586206896553, 0.19827586206896553, 0.19827586206896553, 0.19827586206896553, 0.19827586206896553, 0.19827586206896553, 0.19827586206896553, 0.19827586206896553, 0.19827586206896553, 0.19827586206896553, 0.19827586206896553, 0.19827586206896553, 0.19827586206896553, 0.19827586206896553, 0.19827586206896553, 0.19827586206896553, 0.19827586206896553, 0.19827586206896553, 0.19827586206896553, 0.19827586206896553, 0.19827586206896553, 0.19827586206896553, 0.19827586206896553, 0.19827586206896553, 0.19827586206896553, 0.19827586206896553, 0.19827586206896553, 0.19827586206896553, 0.19827586206896553, 0.19827586206896553, 0.19827586206896553, 0.19827586206896553, 0.19827586206896553, 0.19827586206896553, 0.19827586206896553, 0.19827586206896553, 0.19827586206896553, 0.19827586206896553, 0.19827586206896553, 0.19827586206896553, 0.19827586206896553, 0.19827586206896553, 0.19827586206896553, 0.19827586206896553, 0.19827586206896553, 0.19827586206896553, 0.19827586206896553, 0.19827586206896553, 0.19827586206896553, 0.19827586206896553, 0.19827586206896553, 0.19827586206896553, 0.19827586206896553, 0.19827586206896553, 0.19827586206896553, 0.19827586206896553, 0.19827586206896553, 0.19827586206896553, 0.19827586206896553, 0.19827586206896553, 0.19827586206896553, 0.19827586206896553, 0.19827586206896553, 0.19827586206896553, 0.19827586206896553, 0.19827586206896553, 0.19827586206896553, 0.19827586206896553, 0.19827586206896553, 0.19827586206896553, 0.19827586206896553, 0.19827586206896553, 0.19827586206896553, 0.19827586206896553, 0.19827586206896553, 0.19827586206896553, 0.19827586206896553, 0.19827586206896553, 0.19827586206896553, 0.19827586206896553, 0.19827586206896553, 0.19827586206896553, 0.19827586206896553, 0.19827586206896553, 0.19827586206896553, 0.19827586206896553, 0.19827586206896553, 0.19827586206896553, 0.19827586206896553, 0.19827586206896553, 0.19827586206896553, 0.19827586206896553, 0.19827586206896553, 0.19827586206896553, 0.19827586206896553, 0.19827586206896553, 0.19827586206896553, 0.19827586206896553, 0.19827586206896553, 0.19827586206896553, 0.19827586206896553, 0.19827586206896553, 0.19827586206896553, 0.19827586206896553, 0.19827586206896553, 0.19827586206896553, 0.19827586206896553, 0.19827586206896553, 0.19827586206896553, 0.19827586206896553, 0.19827586206896553, 0.19827586206896553, 0.19827586206896553, 0.19827586206896553, 0.19827586206896553, 0.19827586206896553, 0.19827586206896553, 0.19827586206896553, 0.19827586206896553, 0.19827586206896553, 0.19827586206896553, 0.19827586206896553, 0.19827586206896553, 0.19827586206896553, 0.19827586206896553, 0.19827586206896553, 0.19827586206896553, 0.19827586206896553, 0.19827586206896553, 0.19827586206896553, 0.19827586206896553, 0.19827586206896553, 0.19827586206896553, 0.19827586206896553, 0.19827586206896553, 0.19827586206896553, 0.19827586206896553, 0.19827586206896553, 0.19827586206896553, 0.19827586206896553, 0.19827586206896553, 0.19827586206896553, 0.19827586206896553, 0.19827586206896553, 0.19827586206896553, 0.19827586206896553, 0.19827586206896553, 0.19827586206896553, 0.19827586206896553, 0.19827586206896553, 0.19827586206896553, 0.19827586206896553, 0.19827586206896553, 0.19827586206896553, 0.19827586206896553, 0.19827586206896553, 0.19827586206896553, 0.19827586206896553, 0.19827586206896553, 0.19827586206896553, 0.19827586206896553, 0.19827586206896553, 0.19827586206896553, 0.19827586206896553, 0.19827586206896553, 0.19827586206896553, 0.19827586206896553, 0.19827586206896553, 0.19827586206896553, 0.19827586206896553, 0.19827586206896553, 0.19827586206896553, 0.19827586206896553, 0.19827586206896553, 0.19827586206896553, 0.19827586206896553, 0.19827586206896553, 0.19827586206896553, 0.19827586206896553, 0.19827586206896553, 0.19827586206896553, 0.19827586206896553, 0.19827586206896553, 0.19827586206896553, 0.19827586206896553, 0.19827586206896553, 0.19827586206896553, 0.19827586206896553, 0.19827586206896553, 0.19827586206896553, 0.19827586206896553, 0.19827586206896553, 0.19827586206896553, 0.19827586206896553, 0.19827586206896553, 0.19827586206896553, 0.19827586206896553, 0.19827586206896553, 0.19827586206896553, 0.19827586206896553, 0.19827586206896553, 0.19827586206896553, 0.19827586206896553, 0.19827586206896553, 0.19827586206896553, 0.19827586206896553, 0.19827586206896553, 0.19827586206896553, 0.19827586206896553, 0.19827586206896553, 0.19827586206896553, 0.19827586206896553, 0.19827586206896553, 0.19827586206896553, 0.19827586206896553, 0.19827586206896553, 0.19827586206896553, 0.19827586206896553, 0.19827586206896553, 0.19827586206896553, 0.19827586206896553, 0.19827586206896553, 0.19827586206896553, 0.19827586206896553, 0.19827586206896553, 0.19827586206896553, 0.19827586206896553, 0.19827586206896553, 0.19827586206896553, 0.19827586206896553, 0.19827586206896553, 0.19827586206896553, 0.19827586206896553, 0.19827586206896553, 0.19827586206896553, 0.19827586206896553, 0.19827586206896553, 0.19827586206896553, 0.19827586206896553, 0.19827586206896553, 0.19827586206896553, 0.19827586206896553, 0.19827586206896553, 0.19827586206896553, 0.19827586206896553, 0.19827586206896553, 0.19827586206896553, 0.19827586206896553, 0.19827586206896553, 0.19827586206896553, 0.19827586206896553, 0.19827586206896553, 0.19827586206896553, 0.19827586206896553, 0.19827586206896553, 0.19827586206896553, 0.19827586206896553, 0.19827586206896553, 0.19827586206896553, 0.19827586206896553, 0.19827586206896553, 0.19827586206896553, 0.19827586206896553, 0.19827586206896553, 0.19827586206896553, 0.19827586206896553, 0.19827586206896553, 0.19827586206896553, 0.19827586206896553, 0.19827586206896553, 0.19827586206896553, 0.19827586206896553, 0.19827586206896553, 0.19827586206896553, 0.19827586206896553, 0.19827586206896553, 0.19827586206896553, 0.19827586206896553, 0.19827586206896553, 0.19827586206896553, 0.19827586206896553, 0.19827586206896553, 0.19827586206896553, 0.19827586206896553, 0.19827586206896553, 0.19827586206896553, 0.19827586206896553, 0.19827586206896553, 0.19827586206896553, 0.19827586206896553, 0.19827586206896553, 0.19827586206896553, 0.19827586206896553, 0.19827586206896553, 0.19827586206896553, 0.19827586206896553, 0.19827586206896553, 0.19827586206896553, 0.19827586206896553, 0.19827586206896553, 0.19827586206896553, 0.19827586206896553, 0.19827586206896553, 0.19827586206896553, 0.19827586206896553, 0.19827586206896553, 0.19827586206896553, 0.19827586206896553, 0.19827586206896553, 0.19827586206896553, 0.19827586206896553, 0.19827586206896553, 0.19827586206896553, 0.19827586206896553, 0.19827586206896553, 0.19827586206896553, 0.19827586206896553, 0.19827586206896553, 0.19827586206896553, 0.19827586206896553, 0.19827586206896553, 0.19827586206896553, 0.19827586206896553, 0.19827586206896553, 0.19827586206896553, 0.19827586206896553, 0.19827586206896553, 0.19827586206896553, 0.19827586206896553, 0.19827586206896553, 0.19827586206896553, 0.19827586206896553, 0.19827586206896553, 0.19827586206896553, 0.19827586206896553, 0.19827586206896553, 0.19827586206896553, 0.19827586206896553, 0.19827586206896553, 0.19827586206896553, 0.19827586206896553, 0.19827586206896553, 0.19827586206896553, 0.19827586206896553, 0.19827586206896553, 0.19827586206896553, 0.19827586206896553, 0.19827586206896553, 0.19827586206896553, 0.19827586206896553, 0.19827586206896553, 0.19827586206896553, 0.19827586206896553, 0.19827586206896553, 0.19827586206896553, 0.19827586206896553, 0.19827586206896553, 0.19827586206896553, 0.19827586206896553, 0.19827586206896553, 0.19827586206896553, 0.19827586206896553, 0.19827586206896553, 0.19827586206896553, 0.19827586206896553, 0.19827586206896553, 0.19827586206896553, 0.19827586206896553, 0.19827586206896553, 0.19827586206896553, 0.19827586206896553, 0.19827586206896553, 0.19827586206896553, 0.19827586206896553, 0.19827586206896553, 0.19827586206896553, 0.19827586206896553, 0.19827586206896553, 0.19827586206896553, 0.19827586206896553, 0.19827586206896553, 0.19827586206896553, 0.19827586206896553, 0.19827586206896553, 0.19827586206896553, 0.19827586206896553, 0.19827586206896553, 0.19827586206896553, 0.19827586206896553, 0.19827586206896553, 0.19827586206896553, 0.19827586206896553, 0.19827586206896553, 0.19827586206896553, 0.19827586206896553, 0.19827586206896553, 0.19827586206896553, 0.19827586206896553, 0.19827586206896553, 0.19827586206896553, 0.19827586206896553, 0.19827586206896553, 0.19827586206896553, 0.19827586206896553, 0.19827586206896553, 0.19827586206896553, 0.19827586206896553, 0.19827586206896553, 0.19827586206896553, 0.19827586206896553, 0.19827586206896553, 0.19827586206896553, 0.19827586206896553, 0.19827586206896553, 0.19827586206896553, 0.19827586206896553, 0.19827586206896553, 0.19827586206896553, 0.19827586206896553, 0.19827586206896553, 0.19827586206896553, 0.19827586206896553, 0.19827586206896553, 0.19827586206896553, 0.19827586206896553, 0.19827586206896553, 0.19827586206896553, 0.19827586206896553, 0.19827586206896553, 0.19827586206896553, 0.19827586206896553, 0.19827586206896553, 0.19827586206896553, 0.19827586206896553, 0.19827586206896553, 0.19827586206896553, 0.19827586206896553, 0.19827586206896553, 0.19827586206896553, 0.19827586206896553, 0.19827586206896553, 0.19827586206896553, 0.19827586206896553, 0.19827586206896553, 0.19827586206896553, 0.19827586206896553, 0.19827586206896553, 0.19827586206896553, 0.19827586206896553, 0.19827586206896553, 0.19827586206896553, 0.19827586206896553, 0.19827586206896553, 0.19827586206896553, 0.19827586206896553, 0.19827586206896553, 0.19827586206896553, 0.19827586206896553, 0.19827586206896553, 0.19827586206896553, 0.19827586206896553, 0.19827586206896553, 0.19827586206896553, 0.19827586206896553, 0.19827586206896553, 0.19827586206896553, 0.19827586206896553, 0.19827586206896553, 0.19827586206896553, 0.19827586206896553, 0.19827586206896553, 0.19827586206896553, 0.19827586206896553, 0.19827586206896553, 0.19827586206896553, 0.19827586206896553, 0.19827586206896553, 0.19827586206896553, 0.19827586206896553, 0.19827586206896553, 0.19827586206896553, 0.19827586206896553, 0.19827586206896553, 0.19827586206896553, 0.19827586206896553, 0.19827586206896553, 0.19827586206896553, 0.19827586206896553, 0.19827586206896553, 0.19827586206896553, 0.19827586206896553, 0.19827586206896553, 0.19827586206896553, 0.19827586206896553, 0.19827586206896553, 0.19827586206896553, 0.19827586206896553, 0.19827586206896553, 0.19827586206896553, 0.19827586206896553, 0.19827586206896553, 0.19827586206896553, 0.19827586206896553, 0.19827586206896553, 0.19827586206896553, 0.19827586206896553, 0.19827586206896553, 0.19827586206896553, 0.19827586206896553, 0.19827586206896553, 0.19827586206896553, 0.19827586206896553, 0.19827586206896553, 0.19827586206896553, 0.19827586206896553, 0.19827586206896553, 0.19827586206896553, 0.19827586206896553, 0.19827586206896553, 0.19827586206896553, 0.19827586206896553, 0.19827586206896553, 0.19827586206896553, 0.19827586206896553, 0.19827586206896553, 0.19827586206896553, 0.19827586206896553, 0.19827586206896553, 0.19827586206896553, 0.19827586206896553, 0.19827586206896553, 0.19827586206896553, 0.19827586206896553, 0.19827586206896553, 0.19827586206896553, 0.19827586206896553, 0.19827586206896553, 0.19827586206896553, 0.19827586206896553, 0.19827586206896553, 0.19827586206896553, 0.19827586206896553, 0.19827586206896553, 0.19827586206896553, 0.19827586206896553, 0.19827586206896553, 0.19827586206896553, 0.19827586206896553, 0.19827586206896553, 0.19827586206896553, 0.19827586206896553, 0.19827586206896553, 0.19827586206896553, 0.19827586206896553, 0.19827586206896553, 0.19827586206896553, 0.19827586206896553, 0.19827586206896553, 0.19827586206896553, 0.19827586206896553, 0.19827586206896553, 0.19827586206896553, 0.19827586206896553, 0.19827586206896553, 0.19827586206896553, 0.19827586206896553, 0.19827586206896553, 0.19827586206896553, 0.19827586206896553, 0.19827586206896553, 0.19827586206896553, 0.19827586206896553, 0.19827586206896553, 0.19827586206896553, 0.19827586206896553, 0.19827586206896553, 0.19827586206896553, 0.19827586206896553, 0.19827586206896553, 0.19827586206896553, 0.19827586206896553, 0.19827586206896553, 0.19827586206896553, 0.19827586206896553, 0.19827586206896553, 0.19827586206896553, 0.19827586206896553, 0.19827586206896553, 0.19827586206896553, 0.19827586206896553, 0.19827586206896553, 0.19827586206896553, 0.19827586206896553, 0.19827586206896553, 0.19827586206896553, 0.19827586206896553, 0.19827586206896553, 0.19827586206896553, 0.19827586206896553, 0.19827586206896553, 0.19827586206896553, 0.19827586206896553, 0.19827586206896553, 0.19827586206896553, 0.19827586206896553, 0.19827586206896553, 0.19827586206896553, 0.19827586206896553, 0.19827586206896553, 0.19827586206896553, 0.19827586206896553, 0.19827586206896553, 0.19827586206896553, 0.19827586206896553, 0.19827586206896553, 0.19827586206896553, 0.19827586206896553, 0.19827586206896553, 0.19827586206896553, 0.19827586206896553, 0.19827586206896553, 0.19827586206896553, 0.19827586206896553, 0.19827586206896553, 0.19827586206896553, 0.19827586206896553, 0.19827586206896553, 0.19827586206896553, 0.19827586206896553, 0.19827586206896553, 0.19827586206896553, 0.19827586206896553, 0.19827586206896553, 0.19827586206896553, 0.19827586206896553, 0.19827586206896553, 0.19827586206896553, 0.19827586206896553, 0.19827586206896553, 0.19827586206896553, 0.19827586206896553, 0.19827586206896553, 0.19827586206896553, 0.19827586206896553, 0.19827586206896553, 0.19827586206896553, 0.19827586206896553, 0.19827586206896553, 0.19827586206896553, 0.19827586206896553, 0.19827586206896553, 0.19827586206896553, 0.19827586206896553, 0.19827586206896553, 0.19827586206896553, 0.19827586206896553, 0.19827586206896553, 0.19827586206896553, 0.19827586206896553, 0.19827586206896553, 0.19827586206896553, 0.19827586206896553, 0.19827586206896553, 0.19827586206896553, 0.19827586206896553, 0.19827586206896553, 0.19827586206896553, 0.19827586206896553, 0.19827586206896553, 0.19827586206896553, 0.19827586206896553, 0.19827586206896553, 0.19827586206896553, 0.19827586206896553, 0.19827586206896553, 0.19827586206896553, 0.19827586206896553, 0.19827586206896553, 0.19827586206896553, 0.19827586206896553, 0.19827586206896553, 0.19827586206896553, 0.19827586206896553, 0.19827586206896553, 0.19827586206896553, 0.19827586206896553, 0.19827586206896553, 0.19827586206896553, 0.19827586206896553, 0.19827586206896553, 0.19827586206896553, 0.19827586206896553, 0.19827586206896553, 0.19827586206896553, 0.19827586206896553, 0.19827586206896553, 0.19827586206896553, 0.19827586206896553, 0.19827586206896553, 0.19827586206896553, 0.19827586206896553, 0.19827586206896553, 0.19827586206896553, 0.19827586206896553, 0.19827586206896553, 0.19827586206896553, 0.19827586206896553, 0.19827586206896553, 0.19827586206896553, 0.19827586206896553, 0.19827586206896553, 0.19827586206896553, 0.19827586206896553, 0.19827586206896553, 0.19827586206896553, 0.19827586206896553, 0.19827586206896553, 0.19827586206896553, 0.19827586206896553, 0.19827586206896553, 0.19827586206896553, 0.19827586206896553, 0.19827586206896553, 0.19827586206896553, 0.19827586206896553, 0.19827586206896553, 0.19827586206896553, 0.19827586206896553, 0.19827586206896553, 0.19827586206896553, 0.19827586206896553, 0.198275862