```python
import numpy as np
from scipy.signal import correlate
import time

# Global variables
n_points = 240
dx = 2.0 / n_points
target_sum = n_points / 2

def compute_corr_fft(h):
    """Compute correlation using FFT"""
    h_rev = h[::-1]
    b = 1 - h
    L = 2 * len(h) - 1
    # Use next power of 2 for FFT efficiency
    size = 1 << (L - 1).bit_length()
    A = np.fft.fft(h_rev, size)
    B = np.fft.fft(b, size)
    corr = np.fft.ifft(A * B).real[:L]
    return corr

def evaluate_c5_fast(h):
    """Fast evaluation of C5 using FFT - returns unscaled correlation max"""
    corr = compute_corr_fft(h)
    return np.max(corr)

def evaluate_c5_precise(h):
    """Precise evaluation using numpy correlate"""
    corr = np.correlate(h, 1 - h, mode='full')
    return np.max(corr) * dx

def project_to_sum_box(x, target_sum):
    """Project vector x onto box constraints [0,1] with sum = target_sum"""
    # Binary search for lambda
    def f(lam):
        projected = np.clip(x - lam, 0, 1)
        return np.sum(projected) - target_sum

    a, b = np.min(x) - 1.0, np.max(x) + 1.0
    tol = 1e-12
    
    for _ in range(60):
        m = (a + b) / 2
        fm = f(m)
        if abs(fm) < tol:
            break
        if fm * f(a) < 0:
            b = m
        else:
            a = m
    
    result = np.clip(x - (a + b)/2, 0, 1)
    return result

def compute_subgradient(h, corr):
    """Compute subgradient for the max correlation objective"""
    n = len(h)
    max_val = np.max(corr)
    eps = 1e-12
    active_idx = np.where(corr >= max_val - eps)[0]
    
    m = len(active_idx)
    g = np.full(n, m, dtype=float)
    
    for idx in active_idx:
        k = idx - (n - 1)
        if k >= 0:
            # Subtract h_{j+k} for j in [0, n-k-1] 
            g[:n-k] -= h[k:]
            # Subtract h_{j-k} for j in [k, n-1]
            g[k:] -= h[:n-k]
        else:
            # For negative k, equivalent to positive shift but reversed
            d = -k
            g[d:] -= h[:n-d]
            g[:n-d] -= h[d:]
    
    return g, max_val

def run(seed=42, budget_s=600, **kwargs):
    global n_points, dx, target_sum
    np.random.seed(seed)
    start_time = time.time()
    
    # Initialize with repeated initial solution
    initial_h_values = [0.3103448275862069, 0.6448275862068965, 0.8620689655172414, 0.6896551724137931, 0.3448275862068965, 0.1724137931034483, 0.3793103448275862, 0.6551724137931034, 0.8275862068965517, 0.7241379310344828, 0.5862068965517241, 0.3793103448275862, 0.2413793103448276, 0.1379310344827586, 0.2413793103448276, 0.3793103448275862, 0.5517241379310345, 0.7586206896551724, 0.896551724137931, 0.7931034482758621, 0.7241379310344828, 0.6206896551724138, 0.5172413793103448, 0.4482758620689655, 0.3793103448275862, 0.3103448275862069, 0.2413793103448276, 0.1724137931034483, 0.103448275862069, 0.0344827586206897, 0.0, 0.0, 0.0, 0.0, 0.0, 0.0, 0.0, 0.0, 0.0, 0.0, 0.0, 0.0, 0.0, 0.0, 0.0344827586206897, 0.103448275862069, 0.1724137931034483, 0.2413793103448276, 0.3103448275862069, 0.3793103448275862, 0.4482758620689655, 0.5172413793103448, 0.5862068965517241, 0.6551724137931034, 0.7241379310344828, 0.7931034482758621, 0.8620689655172414, 0.9310344827586207, 0.9655172413793103, 0.9310344827586207, 0.8620689655172414, 0.7931034482758621, 0.7241379310344828, 0.6551724137931034, 0.5862068965517241, 0.5172413793103448, 0.4482758620689655, 0.3793103448275862, 0.3103448275862069, 0.2413793103448276, 0.1724137931034483, 0.103448275862069, 0.0344827586206897, 0.0, 0.0, 0.0, 0.0, 0.0, 0.0, 0.0, 0.0, 0.0, 0.0, 0.0, 0.0, 0.0, 0.0, 0.0344827586206897, 0.103448275862069, 0.1724137931034483, 0.2413793103448276, 0.3103448275862069, 0.3793103448275862, 0.4482758620689655, 0.5172413793103448, 0.5862068965517241, 0.6551724137931034, 0.7241379310344828, 0.7931034482758621, 0.8620689655172414, 0.9310344827586207, 0.9655172413793103, 0.9310344827586207, 0.8620689655172414, 0.7931034482758621, 0.7241379310344828, 0.6551724137931034, 0.5862068965517241, 0.5172413793103448, 0.4482758620689655, 0.3793103448275862, 0.3103448275862069, 0.2413793103448276, 0.1724137931034483, 0.103448275862069, 0.0344827586206897, 0.0, 0.0, 0.0, 0.0, 0.0, 0.0, 0.0, 0.0, 0.0, 0.0, 0.0, 0.0, 0.0, 0.0, 0.0344827586206897, 0.103448275862069, 0.1724137931034483, 0.2413793103448276, 0.3103448275862069, 0.3793103448275862, 0.4482758620689655, 0.5172413793103448, 0.5862068965517241, 0.6551724137931034, 0.7241379310344828, 0.7931034482758621, 0.8620689655172414, 0.9310344827586207, 0.9655172413793103, 0.9310344827586207, 0.8620689655172414, 0.7931034482758621, 0.7241379310344828, 0.6551724137931034, 0.5862068965517241, 0.5172413793103448, 0.4482758620689655, 0.3793103448275862, 0.3103448275862069, 0.2413793103448276, 0.1724137931034483, 0.103448275862069, 0.0344827586206897, 0.0, 0.0, 0.0, 0.0, 0.0, 0.0, 0.0, 0.0, 0.0, 0.0, 0.0, 0.0, 0.0, 0.0, 0.0344827586206897, 0.103448275862069, 0.1724137931034483, 0.2413793103448276, 0.3103448275862069, 0.3793103448275862, 0.4482758620689655, 0.5172413793103448, 0.5862068965517241, 0.6551724137931034, 0.7241379310344828, 0.7931034482758621, 0.8620689655172414, 0.9310344827586207, 0.9655172413793103, 0.9310344827586207, 0.8620689655172414, 0.7931034482758621, 0.7241379310344828, 0.6551724137931034, 0.5862068965517241, 0.5172413793103448, 0.4482758620689655, 0.3793103448275862, 0.3103448275862069, 0.2413793103448276, 0.1724137931034483, 0.103448275862069, 0.0344827586206897, 0.0, 0.0, 0.0, 0.0, 0.0, 0.0, 0.0, 0.0, 0.0, 0.0, 0.0, 0.0, 0.0, 0.0, 0.0344827586206897, 0.103448275862069, 0.1724137931034483, 0.2413793103448276, 0.3103448275862069, 0.3793103448275862, 0.4482758620689655, 0.5172413793103448, 0.5862068965517241, 0.6551724137931034, 0.7241379310344828, 0.7931034482758621, 0.8620689655172414, 0.9310344827586207, 0.9655172413793103, 0.9310344827586207, 0.8620689655172414, 0.7931034482758621, 0.7241379310344828, 0.6551724137931034, 0.5862068965517241, 0.5172413793103448, 0.4482758620689655, 0.3793103448275862, 0.3103448275862069, 0.2413793103448276, 0.1724137931034483, 0.103448275862069, 0.0344827586206897, 0.0, 0.0, 0.0, 0.0, 0.0, 0.0, 0.0, 0.0, 0.0, 0.0, 0.0, 0.0, 0.0, 0.0, 0.0344827586206897, 0.103448275862069, 0.1724137931034483, 0.2413793103448276, 0.3103448275862069, 0.3793103448275862, 0.4482758620689655, 0.5172413793103448, 0.5862068965517241, 0.6551724137931034, 0.7241379310344828, 0.7931034482758621, 0.8620689655172414, 0.9310344827586207, 0.9655172413793103, 0.9310344827586207, 0.8620689655172414, 0.7931034482758621, 0.7241379310344828, 0.6551724137931034, 0.5862068965517241, 0.5172413793103448, 0.4482758620689655, 0.3793103448275862, 0.3103448275862069, 0.2413793103448276, 0.1724137931034483, 0.103448275862069, 0.0344827586206897, 0.0, 0.0, 0.0, 0.0, 0.0, 0.0, 0.0, 0.0, 0.0, 0.0, 0.0, 0.0, 0.0, 0.0, 0.0344827586206897, 0.103448275862069, 0.1724137931034483, 0.2413793103448276, 0.3103448275862069, 0.3793103448275862, 0.4482758620689655, 0.5172413793103448, 0.5862068965517241, 0.6551724137931034, 0.7241379310344828, 0.7931034482758621, 0.8620689655172414, 0.9310344827586207, 0.9655172413793103, 0.9310344827586207, 0.8620689655172414, 0.7931034482758621, 0.7241379310344828, 0.6551724137931034, 0.5862068965517241, 0.5172413793103448, 0.4482758620689655, 0.3793103448275862, 0.3103448275862069, 0.2413793103448276, 0.1724137931034483, 0.103448275862069, 0.0344827586206897, 0.0, 0.0, 0.0, 0.0, 0.0, 0.0, 0.0, 0.0, 0.0, 0.0, 0.0, 0.0, 0.0, 0.0, 0.0344827586206897, 0.103448275862069, 0.1724137931034483, 0.2413793103448276, 0.3103448275862069, 0.3793103448275862, 0.4482758620689655, 0.5172413793103448, 0.5862068965517241, 0.6551724137931034, 0.7241379310344828, 0.7931034482758621, 0.8620689655172414, 0.9310344827586207, 0.9655172413793103, 0.9310344827586207, 0.8620689655172414, 0.7931034482758621, 0.7241379310344828, 0.6551724137931034, 0.5862068965517241, 0.5172413793103448, 0.4482758620689655, 0.3793103448275862, 0.3103448275862069, 0.2413793103448276, 0.1724137931034483, 0.103448275862069, 0.0344827586206897, 0.0, 0.0, 0.0, 0.0, 0.0, 0.0, 0.0, 0.0, 0.0, 0.0, 0.0, 0.0, 0.0, 0.0, 0.0344827586206897, 0.103448275862069, 0.1724137931034483, 0.2413793103448276, 0.3103448275862069, 0.3793103448275862, 0.4482758620689655, 0.5172413793103448, 0.5862068965517241, 0.6551724137931034, 0.7241379310344828, 0.7931034482758621, 0.8620689655172414, 0.9310344827586207, 0.9655172413793103, 0.9310344827586207, 0.8620689655172414, 0.7931034482758621, 0.7241379310344828, 0.6551724137931034, 0.5862068965517241, 0.5172413793103448, 0.4482758620689655, 0.3793103448275862, 0.3103448275862069, 0.2413793103448276, 0.1724137931034483, 0.103448275862069, 0.0344827586206897, 0.0, 0.0, 0.0, 0.0, 0.0, 0.0, 0.0, 0.0, 0.0, 0.0, 0.0, 0.0, 0.0, 0.0, 0.0344827586206897, 0.103448275862069, 0.1724137931034483, 0.2413793103448276, 0.3103448275862069, 0.3793103448275862, 0.4482758620689655, 0.5172413793103448, 0.5862068965517241, 0.6551724137931034, 0.7241379310344828, 0.7931034482758621, 0.8620689655172414, 0.9310344827586207, 0.9655172413793103, 0.9310344827586207, 0.8620689655172414, 0.7931034482758621, 0.7241379310344828, 0.6551724137931034, 0.5862068965517241, 0.5172413793103448, 0.4482758620689655, 0.3793103448275862, 0.3103448275862069, 0.2413793103448276, 0.1724137931034483, 0.103448275862069, 0.0344827586206897, 0.0, 0.0, 0.0, 0.0, 0.0, 0.0, 0.0, 0.0, 0.0, 0.0, 0.0, 0.0, 0.0, 0.0, 0.0344827586206897, 0.103448275862069, 0.1724137931034483, 0.2413793103448276, 0.3103448275862069, 0.3793103448275862, 0.4482758620689655, 0.5172413793103448, 0.5862068965517241, 0.6551724137931034, 0.7241379310344828, 0.7931034482758621, 0.8620689655172414, 0.9310344827586207, 0.9655172413793103, 0.9310344827586207, 0.8620689655172414, 0.7931034482758621, 0.7241379310344828, 0.6551724137931034, 0.5862068965517241, 0.5172413793103448, 0.4482758620689655, 0.3793103448275862, 0.3103448275862069, 0.2413793103448276, 0.1724137931034483, 0.103448275862069, 0.0344827586206897, 0.0, 0.0, 0.0, 0.0, 0.0, 0.0, 0.0, 0.0, 0.0, 0.0, 0.0, 0.0, 0.0, 0.0, 0.0344827586206897, 0.103448275862069, 0.1724137931034483, 0.2413793103448276, 0.3103448275862069, 0.3793103448275862, 0.4482758620689655, 0.5172413793103448, 0.5862068965517241, 0.6551724137931034, 0.7241379310344828, 0.7931034482758621, 0.8620689655172414, 0.9310344827586207, 0.9655172413793103, 0.9310344827586207, 0.8620689655172414, 0.7931034482758621, 0.7241379310344828, 0.6551724137931034, 0.5862068965517241, 0.5172413793103448, 0.4482758620689655, 0.3793103448275862, 0.3103448275862069, 0.2413793103448276, 0.1724137931034483, 0.103448275862069, 0.0344827586206897, 0.0, 0.0, 0.0, 0.0, 0.0, 0.0, 0.0, 0.0, 0.0, 0.0, 0.0, 0.0, 0.0, 0.0, 0.0344827586206897, 0.103448275862069, 0.1724137931034483, 0.2413793103448276, 0.3103448275862069, 0.3793103448275862, 0.4482758620689655, 0.5172413793103448, 0.5862068965517241, 0.6551724137931034, 0.7241379310344828, 0.7931034482758621, 0.8620689655172414, 0.9310344827586207, 0.9655172413793103, 0.9310344827586207, 0.8620689655172414, 0.7931034482758621, 0.7241379310344828, 0.6551724137931034, 0.5862068965517241, 0.5172413793103448, 0.4482758620689655, 0.3793103448275862, 0.3103448275862069, 0.2413793103448276, 0.1724137931034483, 0.103448275862069, 0.0344827586206897, 0.0, 0.0, 0.0, 0.0, 0.0, 0.0, 0.0, 0.0, 0.0, 0.0, 0.0, 0.0, 0.0, 0.0, 0.0344827586206897, 0.103448275862069, 0.1724137931034483, 0.2413793103448276, 0.3103448275862069, 0.3793103448275862, 0.4482758620689655, 0.5172413793103448, 0.5862068965517241, 0.6551724137931034, 0.7241379310344828, 0.7931034482758621, 0.8620689655172414, 0.9310344827586207, 0.9655172413793103, 0.9310344827586207, 0.8620689655172414, 0.7931034482758621, 0.7241379310344828, 0.6551724137931034, 0.5862068965517241, 0.5172413793103448, 0.4482758620689655, 0.3793103448275862, 0.3103448275862069, 0.2413793103448276, 0.1724137931034483, 0.103448275862069, 0.0344827586206897, 0.0, 0.0, 0.0, 0.0, 0.0, 0.0, 0.0, 0.0, 0.0, 0.0, 0.0, 0.0, 0.0, 0.0, 0.0344827586206897, 0.103448275862069, 0.1724137931034483, 0.2413793103448276, 0.3103448275862069, 0.3793103448275862, 0.4482758620689655, 0.5172413793103448, 0.5862068965517241, 0.6551724137931034, 0.7241379310344828, 0.7931034482758621, 0.8620689655172414, 0.9310344827586207, 0.9655172413793103, 0.9310344827586207, 0.8620689655172414, 0.7931034482758621, 0.7241379310344828, 0.6551724137931034, 0.5862068965517241, 0.5172413793103448, 0.4482758620689655, 0.3793103448275862, 0.3103448275862069, 0.2413793103448276, 0.1724137931034483, 0.103448275862069, 0.0344827586206897, 0.0, 0.0, 0.0, 0.0, 0.0, 0.0, 0.0, 0.0, 0.0, 0.0, 0.0, 0.0, 0.0, 0.0, 0.0344827586206897, 0.103448275862069, 0.1724137931034483, 0.2413793103448276, 0.3103448275862069, 0.3793103448275862, 0.4482758620689655, 0.5172413793103448, 0.5862068965517241, 0.6551724137931034, 0.7241379310344828, 0.7931034482758621, 0.8620689655172414, 0.9310344827586207, 0.9655172413793103, 0.9310344827586207, 0.8620689655172414, 0.7931034482758621, 0.7241379310344828, 0.6551724137931034, 0.5862068965517241, 0.5172413793103448, 0.4482758620689655, 0.3793103448275862, 0.3103448275862069, 0.2413793103448276, 0.1724137931034483, 0.103448275862069, 0.0344827586206897, 0.0, 0.0, 0.0, 0.0, 0.0, 0.0, 0.0, 0.0, 0.0, 0.0, 0.0, 0.0, 0.0, 0.0, 0.0344827586206897, 0.103448275862069, 0.1724137931034483, 0.2413793103448276, 0.3103448275862069, 0.3793103448275862, 0.4482758620689655, 0.5172413793103448, 0.5862068965517241, 0.6551724137931034, 0.7241379310344828, 0.7931034482758621, 0.8620689655172414, 0.9310344827586207, 0.9655172413793103, 0.9310344827586207, 0.8620689655172414, 0.7931034482758621, 0.7241379310344828, 0.6551724137931034, 0.5862068965517241, 0.5172413793103448, 0.4482758620689655, 0.3793103448275862, 0.3103448275862069, 0.2413793103448276, 0.1724137931034483, 0.103448275862069, 0.0344827586206897, 0.0, 0.0, 0.0, 0.0, 0.0, 0.0, 0.0, 0.0, 0.0, 0.0, 0.0, 0.0, 0.0, 0.0, 0.0344827586206897, 0.103448275862069, 0.1724137931034483, 0.2413793103448276, 0.3103448275862069, 0.3793103448275862, 0.4482758620689655, 0.5172413793103448, 0.5862068965517241, 0.6551724137931034, 0.7241379310344828, 0.7931034482758621, 0.8620689655172414, 0.9310344827586207, 0.9655172413793103, 0.9310344827586207, 0.8620689655172414, 0.7931034482758621, 