<strategy>
To improve the upper bound for the Erdős minimum overlap problem constant $C_5$, we take the following strategy:

1. **Initialization**: Start with the given initial construction (`initial_h_values`) and consider it as a baseline.

2. **Parameterization and Optimization**:
   - Use a step function $h(x)$ that takes values in $[0, 1]$.
   - Enforce the constraint that the integral of $h(x)$ over $[0, 2]$ is 1.
   - Use numerical optimization techniques to minimize the overlap integral over all possible shifts $k$, which corresponds to maximizing the correlation $np.correlate(h, 1 - h, mode="full")$.

3. **Discretization**:
   - Discretize $h(x)$ into $n$ points over the interval $[0, 2]$.
   - Use a grid spacing $dx = 2.0 / n$.
   - Optimize over small values of $n$ (e.g., $n = 100, 200$) to keep computation time within the budget.

4. **Optimization Heuristics**:
   - Use a local search strategy with perturbations and restarts to escape local minima.
   - Explore a range of starting points by adjusting the initial construction slightly.
   - Track the best solution found within the time budget.

5. **Evaluation**:
   - Compute the overlap integral $C_5$ for the optimized solution.
   - Return the best $h(x)$, the evaluated $C_5$, and the number of points $n$.

6. **Implementation**:
   - Use `cvxpy` for constrained optimization.
   - Use `numpy` for array manipulations and correlation.
   - Use `scipy.optimize` for global optimization heuristics.

By following these steps, we aim to find a better upper bound for $C_5$, ideally reaching or going below the target of 0.380876.
</strategy>

```python
import numpy as np
import cvxpy as cp
import time
from scipy.optimize import minimize

# Pre-imported functions
initial_h_values = np.array([0.94723169, 0.94723169, 0.94723169, 0.94723169, 0.94723169, 0.94723169, 0.94723169,
                             0.94723169, 0.94723169, 0.94723169, 0.94723169, 0.94723169, 0.94723169, 0.94723169,
                             0.94723169, 0.94723169, 0.94723169, 0.94723169, 0.94723169, 0.94723169, 0.94723169,
                             0.94723169, 0.94723169, 0.94723169, 0.94723169, 0.94723169, 0.94723169, 0.94723169,
                             0.94723169, 0.94723169, 0.94723169, 0.94723169, 0.94723169, 0.94723169, 0.94723169,
                             0.94723169, 0.94723169, 0.94723169, 0.94723169, 0.94723169, 0.94723169, 0.94723169,
                             0.94723169, 0.94723169, 0.94723169, 0.94723169, 0.94723169, 0.94723169, 0.94723169,
                             0.94723169, 0.94723169, 0.94723169, 0.94723169, 0.94723169, 0.94723169, 0.94723169,
                             0.94723169, 0.94723169, 0.94723169, 0.94723169, 0.94723169, 0.94723169, 0.94723169,
                             0.94723169, 0.94723169, 0.94723169, 0.94723169, 0.94723169, 0.94723169, 0.94723169,
                             0.94723169, 0.94723169, 0.94723169, 0.94723169, 0.94723169, 0.94723169, 0.94723169,
                             0.94723169, 0.94723169, 0.94723169, 0.94723169, 0.94723169, 0.94723169, 0.94723169,
                             0.94723169, 0.94723169, 0.94723169, 0.94723169, 0.94723169, 0.94723169, 0.94723169,
                             0.94723169, 0.94723169, 0.94723169, 0.94723169, 0.94723169, 0.94723169, 0.94723169,
                             0.94723169, 0.94723169, 0.94723169, 0.94723169, 0.94723169, 0.94723169, 0.94723169,
                             0.94723169, 0.94723169, 0.94723169, 0.94723169, 0.94723169, 0.94723169, 0.94723169,
                             0.94723169, 0.94723169, 0.94723169, 0.94723169, 0.94723169, 0.94723169, 0.94723169,
                             0.94723169, 0.94723169, 0.94723169, 0.94723169, 0.94723169, 0.94723169, 0.94723169,
                             0.94723169, 0.94723169, 0.94723169, 0.94723169, 0.94723169, 0.94723169, 0.94723169,
                             0.94723169, 0.94723169, 0.94723169, 0.94723169, 0.94723169, 0.94723169, 0.94723169,
                             0.94723169, 0.94723169, 0.94723169, 0.94723169, 0.94723169, 0.94723169, 0.94723169,
                             0.94723169, 0.94723169, 0.94723169, 0.94723169, 0.94723169, 0.94723169, 0.94723169,
                             0.94723169, 0.94723169, 0.94723169, 0.94723169, 0.94723169, 0.94723169, 0.94723169,
                             0.94723169, 0.94723169, 0.94723169, 0.94723169, 0.94723169, 0.94723169, 0.94723169,
                             0.94723169, 0.94723169, 0.94723169, 0.94723169, 0.94723169, 0.94723169, 0.94723169,
                             0.94723169, 0.94723169, 0.94723169, 0.94723169, 0.94723169, 0.94723169, 0.94723169,
                             0.94723169, 0.94723169, 0.94723169, 0.94723169, 0.94723169, 0.94723169, 0.94723169,
                             0.94723169, 0.94723169, 0.94723169, 0.94723169, 0.94723169, 0.94723169, 0.94723169,
                             0.94723169, 0.94723169, 0.94723169, 0.94723169, 0.94723169, 0.94723169, 0.94723169,
                             0.94723169, 0.94723169, 0.94723169, 0.94723169, 0.94723169, 0.94723169, 0.94723169,
                             0.94723169, 0.94723169, 0.94723169, 0.94723169, 0.94723169, 0.94723169, 0.94723169,
                             0.94723169, 0.94723169, 0.94723169, 0.94723169, 0.94723169, 0.94723169, 0.94723169,
                             0.94723169, 0.94723169, 0.94723169, 0.94723169, 0.94723169, 0.94723169, 0.94723169,
                             0.94723169, 0.94723169, 0.94723169, 0.94723169, 0.94723169, 0.94723169, 0.94723169,
                             0.94723169, 0.94723169, 0.94723169, 0.94723169, 0.94723169, 0.94723169, 0.94723169,
                             0.94723169, 0.94723169, 0.94723169, 0.94723169, 0.94723169, 0.94723169, 0.94723169,
                             0.94723169, 0.94723169, 0.94723169, 0.94723169, 0.94723169, 0.94723169, 0.94723169,
                             0.94723169, 0.94723169, 0.94723169, 0.94723169, 0.94723169, 0.94723169, 0.94723169,
                             0.94723169, 0.94723169, 0.94723169, 0.94723169, 0.94723169, 0.94723169, 0.94723169,
                             0.94723169, 0.94723169, 0.94723169, 0.94723169, 0.94723169, 0.94723169, 0.94723169,
                             0.94723169, 0.94723169, 0.94723169, 0.94723169, 0.94723169, 0.94723169, 0.94723169,
                             0.94723169, 0.94723169, 0.94723169, 0.94723169, 0.94723169, 0.94723169, 0.94723169,
                             0.94723169, 0.94723169, 0.94723169, 0.94723169, 0.94723169, 0.94723169, 0.94723169,
                             0.94723169, 0.94723169, 0.94723169, 0.94723169, 0.94723169, 0.94723169, 0.94723169,
                             0.94723169, 0.94723169, 0.94723169, 0.94723169, 0.94723169, 0.94723169, 0.94723169,
                             0.94723169, 0.94723169, 0.94723169, 0.94723169, 0.94723169, 0.94723169, 0.94723169,
                             0.94723169, 0.94723169, 0.94723169, 0.94723169, 0.94723169, 0.94723169, 0.94723169,
                             0.94723169, 0.94723169, 0.94723169, 0.94723169, 0.94723169, 0.94723169, 0.94723169,
                             0.94723169, 0.94723169, 0.94723169, 0.94723169, 0.94723169, 0.94723169, 0.94723169,
                             0.94723169, 0.94723169, 0.94723169, 0.94723169, 0.94723169, 0.94723169, 0.94723169,
                             0.94723169, 0.94723169, 0.94723169, 0.94723169, 0.94723169, 0.94723169, 0.94723169,
                             0.94723169, 0.94723169, 0.94723169, 0.94723169, 0.94723169, 0.94723169, 0.94723169,
                             0.94723169, 0.94723169, 0.94723169, 0.94723169, 0.94723169, 0.94723169, 0.94723169,
                             0.94723169, 0.94723169, 0.94723169, 0.94723169, 0.94723169, 0.94723169, 0.94723169,
                             0.94723169, 0.94723169, 0.94723169, 0.94723169, 0.94723169, 0.94723169, 0.94723169,
                             0.94723169, 0.94723169, 0.94723169, 0.94723169, 0.94723169, 0.94723169, 0.94723169,
                             0.94723169, 0.94723169, 0.94723169, 0.94723169, 0.94723169, 0.94723169, 0.94723169,
                             0.94723169, 0.94723169, 0.94723169, 0.94723169, 0.94723169, 0.94723169, 0.94723169,
                             0.94723169, 0.94723169, 0.94723169, 0.94723169, 0.94723169, 0.94723169, 0.94723169,
                             0.94723169, 0.94723169, 0.94723169, 0.94723169, 0.94723169, 0.94723169, 0.94723169,
                             0.94723169, 0.94723169, 0.94723169, 0.94723169, 0.94723169, 0.94723169, 0.94723169,
                             0.94723169, 0.94723169, 0.94723169, 0.94723169, 0.94723169, 0.94723169, 0.94723169,
                             0.94723169, 0.94723169, 0.94723169, 0.94723169, 0.94723169, 0.94723169, 0.94723169,
                             0.94723169, 0.94723169, 0.94723169, 0.94723169, 0.94723169, 0.94723169, 0.94723169,
                             0.94723169, 0.94723169, 0.94723169, 0.94723169, 0.94723169, 0.94723169, 0.94723169,
                             0.94723169, 0.94723169, 0.94723169, 0.94723169, 0.94723169, 0.94723169, 0.94723169,
                             0.94723169, 0.94723169, 0.94723169, 0.94723169, 0.94723169, 0.94723169, 0.94723169,
                             0.94723169, 0.94723169, 0.94723169, 0.94723169, 0.94723169, 0.94723169, 0.94723169,
                             0.94723169, 0.94723169, 0.94723169, 0.94723169, 0.94723169, 0.94723169, 0.94723169,
                             0.94723169, 0.94723169, 0.94723169, 0.94723169, 0.94723169, 0.94723169, 0.94723169,
                             0.94723169, 0.94723169, 0.94723169, 0.94723169, 0.94723169, 0.94723169, 0.94723169,
                             0.94723169, 0.94723169, 0.94723169, 0.94723169, 0.94723169, 0.94723169, 0.94723169,
                             0.94723169, 0.94723169, 0.94723169, 0.94723169, 0.94723169, 0.94723169, 0.94723169,
                             0.94723169, 0.94723169, 0.94723169, 0.94723169, 0.94723169, 0.94723169, 0.94723169,
                             0.94723169, 0.94723169, 0.94723169, 0.94723169, 0.94723169, 0.94723169, 0.94723169,
                             0.94723169, 0.94723169, 0.94723169, 0.94723169, 0.94723169, 0.94723169, 0.94723169,
                             0.94723169, 0.94723169, 0.94723169, 0.94723169, 0.94723169, 0.94723169, 0.94723169,
                             0.94723169, 0.94723169, 0.94723169, 0.94723169, 0.94723169, 0.94723169, 0.94723169,
                             0.94723169, 0.94723169, 0.94723169, 0.94723169, 0.94723169, 0.94723169, 0.94723169,
                             0.94723169, 0.94723169, 0.94723169, 0.94723169, 0.94723169, 0.94723169, 0.94723169,
                             0.94723169, 0.94723169, 0.94723169, 0.94723169, 0.94723169, 0.94723169, 0.94723169,
                             0.94723169, 0.94723169, 0.94723169, 0.94723169, 0.94723169, 0.94723169, 0.94723169,
                             0.94723169, 0.94723169, 0.94723169, 0.94723169, 0.94723169, 0.94723169, 0.94723169,
                             0.94723169, 0.94723169, 0.94723169, 0.94723169, 0.94723169, 0.94723169, 0.94723169,
                             0.94723169, 0.94723169, 0.94723169, 0.94723169, 0.94723169, 0.94723169, 0.94723169,
                             0.94723169, 0.94723169, 0.94723169, 0.94723169, 0.94723169, 0.94723169, 0.94723169,
                             0.94723169, 0.94723169, 0.94723169, 0.94723169, 0.94723169, 0.94723169, 0.94723169,
                             0.94723169, 0.94723169, 0.94723169, 0.94723169, 0.94723169, 0.94723169, 0.94723169,
                             0.94723169, 0.94723169, 0.94723169, 0.94723169, 0.94723169, 0.94723169, 0.94723169,
                             0.94723169, 0.94723169, 0.94723169, 0.94723169, 0.94723169, 0.94723169, 0.94723169,
                             0.94723169, 0.94723169, 0.94723169, 0.94723169, 0.94723169, 0.94723169, 0.94723169,
                             0.94723169, 0.94723169, 0.94723169, 0.94723169, 0.94723169, 0.94723169, 0.94723169,
                             0.94723169, 0.94723169, 0.94723169, 0.94723169, 0.94723169, 0.94723169, 0.94723169,
                             0.94723169, 0.94723169, 0.94723169, 0.94723169, 0.94723169, 0.94723169, 0.94723169,
                             0.94723169, 0.94723169, 0.94723169, 0.94723169, 0.94723169, 0.94723169, 0.94723169,
                             0.94723169, 0.94723169, 0.94723169, 0.94723169, 0.94723169, 0.94723169, 0.94723169,
                             0.94723169, 0.94723169, 0.94723169, 0.94723169, 0.94723169, 0.94723169, 0.94723169,
                             0.94723169, 0.94723169, 0.94723169, 0.94723169, 0.94723169, 0.94723169, 0.94723169,
                             0.94723169, 0.94723169, 0.94723169, 0.94723169, 0.94723169, 0.94723169, 0.94723169,
                             0.94723169, 0.94723169, 0.94723169, 0.94723169, 0.94723169, 0.94723169, 0.94723169,
                             0.94723169, 0.94723169, 0.94723169, 0.94723169, 0.94723169, 0.94723169, 0.94723169,
                             0.94723169, 0.94723169, 0.94723169, 0.94723169, 0.94723169, 0.94723169, 0.94723169,
                             0.94723169, 0.94723169, 0.94723169, 0.94723169, 0.94723169, 0.94723169, 0.94723169,
                             0.94723169, 0.94723169, 0.94723169, 0.94723169, 0.94723169, 0.94723169, 0.94723169,
                             0.94723169, 0.94723169, 0.94723169, 0.94723169, 0.94723169, 0.94723169, 0.94723169,
                             0.94723169, 0.94723169, 0.94723169, 0.94723169, 0.94723169, 0.94723169, 0.94723169,
                             0.94723169, 0.94723169, 0.94723169, 0.94723169, 0.94723169, 0.94723169, 0.94723169,
                             0.94723169, 0.94723169, 0.94723169, 0.94723169, 0.94723169, 0.94723169, 0.94723169,
                             0.94723169, 0.94723169, 0.94723169, 0.94723169, 0.94723169, 0.94723169, 0.94723169,
                             0.94723169, 0.94723169, 0.94723169, 0.94723169, 0.94723169, 0.94723169, 0.94723169,
                             0.94723169, 0.94723169, 0.94723169, 0.94723169, 0.94723169, 0.94723169, 0.94723169,
                             0.94723169, 0.94723169, 0.94723169, 0.94723169, 0.94723169, 0.94723169, 0.94723169,
                             0.94723169, 0.94723169, 0.94723169, 0.94723169, 0.94723169, 0.94723169, 0.94723169,
                             0.94723169, 0.94723169, 0.94723169, 0.94723169, 0.94723169, 0.94723169, 0.94723169,
                             0.94723169, 0.94723169, 0.94723169, 0.94723169, 0.94723169, 0.94723169, 0.94723169,
                             0.94723169, 0.94723169, 0.94723169, 0.94723169, 0.94723169, 0.94723169, 0.94723169,
                             0.94723169, 0.94723169, 0.94723169, 0.94723169, 0.94723169, 0.94723169, 0.94723169,
                             0.94723169, 0.94723169, 0.94723169, 0.94723169, 0.94723169, 0.94723169, 0.94723169,
                             0.94723169, 0.94723169, 0.94723169, 0.94723169, 0.94723169, 0.94723169, 0.94723169,
                             0.94723169, 0.94723169, 0.94723169, 0.94723169, 0.94723169, 0.94723169, 0.94723169,
                             0.94723169, 0.94723169, 0.94723169, 0.94723169, 0.94723169, 0.94723169, 0.94723169,
                             0.94723169, 0.94723169, 0.94723169, 0.94723169, 0.94723169, 0.94723169, 0.94723169,
                             0.94723169, 0.94723169, 0.94723169, 0.94723169, 0.94723169, 0.94723169, 0.94723169,
                             0.94723169, 0.94723169, 0.94723169, 0.94723169, 0.94723169, 0.94723169, 0.94723169,
                             0.94723169, 0.94723169, 0.94723169, 0.94723169, 0.94723169, 0.94723169, 0.94723169,
                             0.94723169, 0.94723169, 0.94723169, 0.94723169, 0.94723169, 0.94723169, 0.94723169,
                             0.94723169, 0.94723169, 0.94723169, 0.94723169, 0.94723169, 0.94723169, 0.94723169,
                             0.94723169, 0.94723169, 0.94723169, 0.94723169, 0.94723169, 0.94723169, 0.94723169,
                             0.94723169, 0.94723169, 0.94723169, 0.94723169, 0.94723169, 0.94723169, 0.94723169,
                             0.94723169, 0.94723169, 0.94723169, 0.94723169, 0.94723169, 0.94723169, 0.94723169,
                             0.94723169, 0.94723169, 0.94723169, 0.94723169, 0.94723169, 0.94723169, 0.94723169,
                             0.94723169, 0.94723169, 0.94723169, 0.94723169, 0.94723169, 0.94723169, 0.94723169,
                             0.94723169, 0.94723169, 0.94723169, 0.94723169, 0.94723169, 0.94723169, 0.94723169,
                             0.94723169, 0.94723169, 0.94723169, 0.94723169, 0.94723169, 0.94723169, 0.94723169,
                             0.94723169, 0.94723169, 0.94723169, 0.94723169, 0.94723169, 0.94723169, 0.94723169,
                             0.94723169, 0.94723169, 0.94723169, 0.94723169, 0.94723169, 0.94723169, 0.94723169,
                             0.94723169, 0.94723169, 0.94723169, 0.94723169, 0.94723169, 0.94723169, 0.94723169,
                             0.94723169, 0.94723169, 0.94723169, 0.94723169, 0.94723169, 0.94723169, 0.94723169,
                             0.94723169, 0.94723169, 0.94723169, 0.94723169, 0.94723169, 0.94723169, 0.94723169,
                             0.94723169, 0.94723169, 0.94723169, 0.94723169, 0.94723169, 0.94723169, 0.94723169,
                             0.94723169, 0.94723169, 0.94723169, 0.94723169, 0.94723169, 0.94723169, 0.94723169,
                             0.94723169, 0.94723169, 0.94723169, 0.94723169, 0.94723169, 0.94723169, 0.94723169,
                             0.94723169, 0.94723169, 0.94723169, 0.94723169, 0.94723169, 0.94723169, 0.94723169,
                             0.94723169, 0.94723169, 0.94723169, 0.94723169, 0.94723169, 0.94723169, 0.94723169,
                             0.94723169, 0.94723169, 0.94723169, 0.94723169, 0.94723169, 0.94723169, 0.94723169,
                             0.94723169, 0.94723169, 0.94723169, 0.94723169, 0.94723169, 0.94723169, 0.94723169,
                             0.94723169, 0.94723169, 0.94723169, 0.94723169, 0.94723169, 0.94723169, 0.94723169,
                             0.94723169, 0.94723169, 0.94723169, 0.94723169, 0.94723169, 0.94723169, 0.94723169,
                             0.94723169, 0.94723169, 0.94723169, 0.94723169, 0.94723169, 0.94723169, 0.94723169,
                             0.94723169, 0.94723169, 0.94723169, 0.94723169, 0.94723169, 0.94723169, 0.94723169,
                             0.94723169, 0.94723169, 0.94723169, 0.94723169, 0.94723169, 0.94723169, 0.94723169,
                             0.94723169, 0.94723169, 0.94723169, 0.94723169, 0.94723169, 0.94723169, 0.94723169,
                             0.94723169, 0.94723169, 0.94723169, 0.94723169, 0.94723169, 0.94723169, 0.94723169,
                             0.94723169, 0.94723169, 0.94723169, 0.94723169, 0.94723169, 0.94723169, 0.94723169,
                             0.94723169, 0.94723169, 0.94723169, 0.94723169, 0.94723169, 0.94723169, 0.94723169,
                             0.94723169, 0.94723169, 0.94723169, 0.94723169, 0.94723169, 0.94723169, 0.94723169,
                             0.94723169, 0.94723169, 0.94723169, 0.94723169, 0.94723169, 0.94723169, 0.94723169,
                             0.94723169, 0.94723169, 0.94723169, 0.94723169, 0.94723169, 0.94723169, 0.94723169,
                             0.94723169, 0.94723169, 0.94723169, 0.94723169, 0.94723169, 0.94723169, 0.94723169,
                             0.94723169, 0.94723169, 0.94723169, 0.94723169, 0.94723169, 0.94723169, 0.94723169,
                             0.94723169, 0.94723169, 0.94723169, 0.94723169, 0.94723169, 0.94723169, 0.94723169,
                             0.94723169, 0.94723169, 0.94723169, 0.94723169, 0.94723169, 0.94723169, 0.94723169,
                             0.94723169, 0.94723169, 0.94723169, 0.94723169, 0.94723169, 0.94723169, 0.94723169,
                             0.94723169, 0.94723169, 0.94723169, 0.94723169, 0.94723169, 0.94723169, 0.94723169,
                             0.94723169, 0.94723169, 0.94723169, 0.94723169, 0.94723169, 0.94723169, 0.94723169,
                             0.94723169, 0.94723169, 0.94723169, 0.94723169, 0.94723169, 0.94723169, 0.94723169,
                             0.94723169, 0.94723169, 0.94723169, 0.94723169, 0.94723169, 0.94723169, 0.94723169,
                             0.94723169, 0.94723169, 0.94723169, 0.94723169, 0.94723169, 0.94723169, 0.94723169,
                             0.94723169, 0.94723169, 0.94723169, 0.94723169, 0.94723169, 0.94723169, 0.94723169,
                             0.94723169, 0.94723169, 0.94723169, 0.94723169, 0.94723169, 0.94723169, 0.94723169,
                             0.94723169, 0.94723169, 0.94723169, 0.94723169, 0.94723169, 0.94723169, 0.94723169,
                             0