```python
import numpy as np
import scipy.optimize as opt
import time

# Pre-imported initial_h_values
initial_h_values = np.array([0.0, 0.0, 0.0, 0.0, 0.0, 0.0, 0.0, 0.0, 0.0, 0.0, 0.0, 0.0, 0.0, 0.0, 0.0, 0.0, 0.0, 0.0, 0.0, 0.0,
                             0.0, 0.0, 0.0, 0.0, 0.0, 0.0, 0.0, 0.0, 0.0, 0.0, 0.0, 0.0, 0.0, 0.0, 0.0, 0.0, 0.0, 0.0, 0.0, 0.0,
                             0.0, 0.0, 0.0, 0.0, 0.0, 0.0, 0.0, 0.0, 0.0, 0.0, 0.0, 0.0, 0.0, 0.0, 0.0, 0.0, 0.0, 0.0, 0.0, 0.0,
                             0.0, 0.0, 0.0, 0.0, 0.0, 0.0, 0.0, 0.0, 0.0, 0.0, 0.0, 0.0, 0.0, 0.0, 0.0, 0.0, 0.0, 0.0, 0.0, 0.0,
                             0.0, 0.0, 0.0, 0.0, 0.0, 0.0, 0.0, 0.0, 0.0, 0.0, 0.0, 0.0, 0.0, 0.0, 0.0, 0.0, 0.0, 0.0, 0.0, 0.0,
                             0.0, 0.0, 0.0, 0.0, 0.0, 0.0, 0.0, 0.0, 0.0, 0.0, 0.0, 0.0, 0.0, 0.0, 0.0, 0.0, 0.0, 0.0, 0.0, 0.0,
                             0.0, 0.0, 0.0, 0.0, 0.0, 0.0, 0.0, 0.0, 0.0, 0.0, 0.0, 0.0, 0.0, 0.0, 0.0, 0.0, 0.0, 0.0, 0.0, 0.0,
                             0.0, 0.0, 0.0, 0.0, 0.0, 0.0, 0.0, 0.0, 0.0, 0.0, 0.0, 0.0, 0.0, 0.0, 0.0, 0.0, 0.0, 0.0, 0.0, 0.0,
                             0.0, 0.0, 0.0, 0.0, 0.0, 0.0, 0.0, 0.0, 0.0, 0.0, 0.0, 0.0, 0.0, 0.0, 0.0, 0.0, 0.0, 0.0, 0.0, 0.0,
                             0.0, 0.0, 0.0, 0.0, 0.0, 0.0, 0.0, 0.0, 0.0, 0.0, 0.0, 0.0, 0.0, 0.0, 0.0, 0.0, 0.0, 0.0, 0.0, 0.0,
                             0.0, 0.0, 0.0, 0.0, 0.0, 0.0, 0.0, 0.0, 0.0, 0.0, 0.0, 0.0, 0.0, 0.0, 0.0, 0.0, 0.0, 0.0, 0.0, 0.0,
                             0.0, 0.0, 0.0, 0.0, 0.0, 0.0, 0.0, 0.0, 0.0, 0.0, 0.0, 0.0, 0.0, 0.0, 0.0, 0.0, 0.0, 0.0, 0.0, 0.0,
                             0.0, 0.0, 0.0, 0.0, 0.0, 0.0, 0.0, 0.0, 0.0, 0.0, 0.0, 0.0, 0.0, 0.0, 0.0, 0.0, 0.0, 0.0, 0.0, 0.0,
                             0.0, 0.0, 0.0, 0.0, 0.0, 0.0, 0.0, 0.0, 0.0, 0.0, 0.0, 0.0, 0.0, 0.0, 0.0, 0.0, 0.0, 0.0, 0.0, 0.0,
                             0.0, 0.0, 0.0, 0.0, 0.0, 0.0, 0.0, 0.0, 0.0, 0.0, 0.0, 0.0, 0.0, 0.0, 0.0, 0.0, 0.0, 0.0, 0.0, 0.0,
                             0.0, 0.0, 0.0, 0.0, 0.0, 0.0, 0.0, 0.0, 0.0, 0.0, 0.0, 0.0, 0.0, 0.0, 0.0, 0.0, 0.0, 0.0, 0.0, 0.0,
                             0.0, 0.0, 0.0, 0.0, 0.0, 0.0, 0.0, 0.0, 0.0, 0.0, 0.0, 0.0, 0.0, 0.0, 0.0, 0.0, 0.0, 0.0, 0.0, 0.0,
                             0.0, 0.0, 0.0, 0.0, 0.0, 0.0, 0.0, 0.0, 0.0, 0.0, 0.0, 0.0, 0.0, 0.0, 0.0, 0.0, 0.0, 0.0, 0.0, 0.0,
                             0.0, 0.0, 0.0, 0.0, 0.0, 0.0, 0.0, 0.0, 0.0, 0.0, 0.0, 0.0, 0.0, 0.0, 0.0, 0.0, 0.0, 0.0, 0.0, 0.0,
                             0.0, 0.0, 0.0, 0.0, 0.0, 0.0, 0.0, 0.0, 0.0, 0.0, 0.0, 0.0, 0.0, 0.0, 0.0, 0.0, 0.0, 0.0, 0.0, 0.0,
                             0.0, 0.0, 0.0, 0.0, 0.0, 0.0, 0.0, 0.0, 0.0, 0.0, 0.0, 0.0, 0.0, 0.0, 0.0, 0.0, 0.0, 0.0, 0.0, 0.0,
                             0.0, 0.0, 0.0, 0.0, 0.0, 0.0, 0.0, 0.0, 0.0, 0.0, 0.0, 0.0, 0.0, 0.0, 0.0, 0.0, 0.0, 0.0, 0.0, 0.0,
                             0.0, 0.0, 0.0, 0.0, 0.0, 0.0, 0.0, 0.0, 0.0, 0.0, 0.0, 0.0, 0.0, 0.0, 0.0, 0.0, 0.0, 0.0, 0.0, 0.0,
                             0.0, 0.0, 0.0, 0.0, 0.0, 0.0, 0.0, 0.0, 0.0, 0.0, 0.0, 0.0, 0.0, 0.0, 0.0, 0.0, 0.0, 0.0, 0.0, 0.0,
                             0.0, 0.0, 0.0, 0.0, 0.0, 0.0, 0.0, 0.0, 0.0, 0.0, 0.0, 0.0, 0.0, 0.0, 0.0, 0.0, 0.0, 0.0, 0.0, 0.0,
                             0.0, 0.0, 0.0, 0.0, 0.0, 0.0, 0.0, 0.0, 0.0, 0.0, 0.0, 0.0, 0.0, 0.0, 0.0, 0.0, 0.0, 0.0, 0.0, 0.0,
                             0.0, 0.0, 0.0, 0.0, 0.0, 0.0, 0.0, 0.0, 0.0, 0.0, 0.0, 0.0, 0.0, 0.0, 0.0, 0.0, 0.0, 0.0, 0.0, 0.0,
                             0.0, 0.0, 0.0, 0.0, 0.0, 0.0, 0.0, 0.0, 0.0, 0.0, 0.0, 0.0, 0.0, 0.0, 0.0, 0.0, 0.0, 0.0, 0.0, 0.0,
                             0.0, 0.0, 0.0, 0.0, 0.0, 0.0, 0.0, 0.0, 0.0, 0.0, 0.0, 0.0, 0.0, 0.0, 0.0, 0.0, 0.0, 0.0, 0.0, 0.0,
                             0.0, 0.0, 0.0, 0.0, 0.0, 0.0, 0.0, 0.0, 0.0, 0.0, 0.0, 0.0, 0.0, 0.0, 0.0, 0.0, 0.0, 0.0, 0.0, 0.0,
                             0.0, 0.0, 0.0, 0.0, 0.0, 0.0, 0.0, 0.0, 0.0, 0.0, 0.0, 0.0, 0.0, 0.0, 0.0, 0.0, 0.0, 0.0, 0.0, 0.0,
                             0.0, 0.0, 0.0, 0.0, 0.0, 0.0, 0.0, 0.0, 0.0, 0.0, 0.0, 0.0, 0.0, 0.0, 0.0, 0.0, 0.0, 0.0, 0.0, 0.0,
                             0.0, 0.0, 0.0, 0.0, 0.0, 0.0, 0.0, 0.0, 0.0, 0.0, 0.0, 0.0, 0.0, 0.0, 0.0, 0.0, 0.0, 0.0, 0.0, 0.0,
                             0.0, 0.0, 0.0, 0.0, 0.0, 0.0, 0.0, 0.0, 0.0, 0.0, 0.0, 0.0, 0.0, 0.0, 0.0, 0.0, 0.0, 0.0, 0.0, 0.0,
                             0.0, 0.0, 0.0, 0.0, 0.0, 0.0, 0.0, 0.0, 0.0, 0.0, 0.0, 0.0, 0.0, 0.0, 0.0, 0.0, 0.0, 0.0, 0.0, 0.0,
                             0.0, 0.0, 0.0, 0.0, 0.0, 0.0, 0.0, 0.0, 0.0, 0.0, 0.0, 0.0, 0.0, 0.0, 0.0, 0.0, 0.0, 0.0, 0.0, 0.0,
                             0.0, 0.0, 0.0, 0.0, 0.0, 0.0, 0.0, 0.0, 0.0, 0.0, 0.0, 0.0, 0.0, 0.0, 0.0, 0.0, 0.0, 0.0, 0.0, 0.0,
                             0.0, 0.0, 0.0, 0.0, 0.0, 0.0, 0.0, 0.0, 0.0, 0.0, 0.0, 0.0, 0.0, 0.0, 0.0, 0.0, 0.0, 0.0, 0.0, 0.0,
                             0.0, 0.0, 0.0, 0.0, 0.0, 0.0, 0.0, 0.0, 0.0, 0.0, 0.0, 0.0, 0.0, 0.0, 0.0, 0.0, 0.0, 0.0, 0.0, 0.0,
                             0.0, 0.0, 0.0, 0.0, 0.0, 0.0, 0.0, 0.0, 0.0, 0.0, 0.0, 0.0, 0.0, 0.0, 0.0, 0.0, 0.0, 0.0, 0.0, 0.0,
                             0.0, 0.0, 0.0, 0.0, 0.0, 0.0, 0.0, 0.0, 0.0, 0.0, 0.0, 0.0, 0.0, 0.0, 0.0, 0.0, 0.0, 0.0, 0.0, 0.0,
                             0.0, 0.0, 0.0, 0.0, 0.0, 0.0, 0.0, 0.0, 0.0, 0.0, 0.0, 0.0, 0.0, 0.0, 0.0, 0.0, 0.0, 0.0, 0.0, 0.0,
                             0.0, 0.0, 0.0, 0.0, 0.0, 0.0, 0.0, 0.0, 0.0, 0.0, 0.0, 0.0, 0.0, 0.0, 0.0, 0.0, 0.0, 0.0, 0.0, 0.0,
                             0.0, 0.0, 0.0, 0.0, 0.0, 0.0, 0.0, 0.0, 0.0, 0.0, 0.0, 0.0, 0.0, 0.0, 0.0, 0.0, 0.0, 0.0, 0.0, 0.0,
                             0.0, 0.0, 0.0, 0.0, 0.0, 0.0, 0.0, 0.0, 0.0, 0.0, 0.0, 0.0, 0.0, 0.0, 0.0, 0.0, 0.0, 0.0, 0.0, 0.0,
                             0.0, 0.0, 0.0, 0.0, 0.0, 0.0, 0.0, 0.0, 0.0, 0.0, 0.0, 0.0, 0.0, 0.0, 0.0, 0.0, 0.0, 0.0, 0.0, 0.0,
                             0.0, 0.0, 0.0, 0.0, 0.0, 0.0, 0.0, 0.0, 0.0, 0.0, 0.0, 0.0, 0.0, 0.0, 0.0, 0.0, 0.0, 0.0, 0.0, 0.0,
                             0.0, 0.0, 0.0, 0.0, 0.0, 0.0, 0.0, 0.0, 0.0, 0.0, 0.0, 0.0, 0.0, 0.0, 0.0, 0.0, 0.0, 0.0, 0.0, 0.0,
                             0.0, 0.0, 0.0, 0.0, 0.0, 0.0, 0.0, 0.0, 0.0, 0.0, 0.0, 0.0, 0.0, 0.0, 0.0, 0.0, 0.0, 0.0, 0.0, 0.0,
                             0.0, 0.0, 0.0, 0.0, 0.0, 0.0, 0.0, 0.0, 0.0, 0.0, 0.0, 0.0, 0.0, 0.0, 0.0, 0.0, 0.0, 0.0, 0.0, 0.0,
                             0.0, 0.0, 0.0, 0.0, 0.0, 0.0, 0.0, 0.0, 0.0, 0.0, 0.0, 0.0, 0.0, 0.0, 0.0, 0.0, 0.0, 0.0, 0.0, 0.0,
                             0.0, 0.0, 0.0, 0.0, 0.0, 0.0, 0.0, 0.0, 0.0, 0.0, 0.0, 0.0, 0.0, 0.0, 0.0, 0.0, 0.0, 0.0, 0.0, 0.0,
                             0.0, 0.0, 0.0, 0.0, 0.0, 0.0, 0.0, 0.0, 0.0, 0.0, 0.0, 0.0, 0.0, 0.0, 0.0, 0.0, 0.0, 0.0, 0.0, 0.0,
                             0.0, 0.0, 0.0, 0.0, 0.0, 0.0, 0.0, 0.0, 0.0, 0.0, 0.0, 0.0, 0.0, 0.0, 0.0, 0.0, 0.0, 0.0, 0.0, 0.0,
                             0.0, 0.0, 0.0, 0.0, 0.0, 0.0, 0.0, 0.0, 0.0, 0.0, 0.0, 0.0, 0.0, 0.0, 0.0, 0.0, 0.0, 0.0, 0.0, 0.0,
                             0.0, 0.0, 0.0, 0.0, 0.0, 0.0, 0.0, 0.0, 0.0, 0.0, 0.0, 0.0, 0.0, 0.0, 0.0, 0.0, 0.0, 0.0, 0.0, 0.0,
                             0.0, 0.0, 0.0, 0.0, 0.0, 0.0, 0.0, 0.0, 0.0, 0.0, 0.0, 0.0, 0.0, 0.0, 0.0, 0.0, 0.0, 0.0, 0.0, 0.0,
                             0.0, 0.0, 0.0, 0.0, 0.0, 0.0, 0.0, 0.0, 0.0, 0.0, 0.0, 0.0, 0.0, 0.0, 0.0, 0.0, 0.0, 0.0, 0.0, 0.0,
                             0.0, 0.0, 0.0, 0.0, 0.0, 0.0, 0.0, 0.0, 0.0, 0.0, 0.0, 0.0, 0.0, 0.0, 0.0, 0.0, 0.0, 0.0, 0.0, 0.0,
                             0.0, 0.0, 0.0, 0.0, 0.0, 0.0, 0.0, 0.0, 0.0, 0.0, 0.0, 0.0, 0.0, 0.0, 0.0, 0.0, 0.0, 0.0, 0.0, 0.0,
                             0.0, 0.0, 0.0, 0.0, 0.0, 0.0, 0.0, 0.0, 0.0, 0.0, 0.0, 0.0, 0.0, 0.0, 0.0, 0.0, 0.0, 0.0, 0.0, 0.0,
                             0.0, 0.0, 0.0, 0.0, 0.0, 0.0, 0.0, 0.0, 0.0, 0.0, 0.0, 0.0, 0.0, 0.0, 0.0, 0.0, 0.0, 0.0, 0.0, 0.0,
                             0.0, 0.0, 0.0, 0.0, 0.0, 0.0, 0.0, 0.0, 0.0, 0.0, 0.0, 0.0, 0.0, 0.0, 0.0, 0.0, 0.0, 0.0, 0.0, 0.0,
                             0.0, 0.0, 0.0, 0.0, 0.0, 0.0, 0.0, 0.0, 0.0, 0.0, 0.0, 0.0, 0.0, 0.0, 0.0, 0.0, 0.0, 0.0, 0.0, 0.0,
                             0.0, 0.0, 0.0, 0.0, 0.0, 0.0, 0.0, 0.0, 0.0, 0.0, 0.0, 0.0, 0.0, 0.0, 0.0, 0.0, 0.0, 0.0, 0.0, 0.0,
                             0.0, 0.0, 0.0, 0.0, 0.0, 0.0, 0.0, 0.0, 0.0, 0.0, 0.0, 0.0, 0.0, 0.0, 0.0, 0.0, 0.0, 0.0, 0.0, 0.0,
                             0.0, 0.0, 0.0, 0.0, 0.0, 0.0, 0.0, 0.0, 0.0, 0.0, 0.0, 0.0, 0.0, 0.0, 0.0, 0.0, 0.0, 0.0, 0.0, 0.0,
                             0.0, 0.0, 0.0, 0.0, 0.0, 0.0, 0.0, 0.0, 0.0, 0.0, 0.0, 0.0, 0.0, 0.0, 0.0, 0.0, 0.0, 0.0, 0.0, 0.0,
                             0.0, 0.0, 0.0, 0.0, 0.0, 0.0, 0.0, 0.0, 0.0, 0.0, 0.0, 0.0, 0.0, 0.0, 0.0, 0.0, 0.0, 0.0, 0.0, 0.0,
                             0.0, 0.0, 0.0, 0.0, 0.0, 0.0, 0.0, 0.0, 0.0, 0.0, 0.0, 0.0, 0.0, 0.0, 0.0, 0.0, 0.0, 0.0, 0.0, 0.0,
                             0.0, 0.0, 0.0, 0.0, 0.0, 0.0, 0.0, 0.0, 0.0, 0.0, 0.0, 0.0, 0.0, 0.0, 0.0, 0.0, 0.0, 0.0, 0.0, 0.0,
                             0.0, 0.0, 0.0, 0.0, 0.0, 0.0, 0.0, 0.0, 0.0, 0.0, 0.0, 0.0, 0.0, 0.0, 0.0, 0.0, 0.0, 0.0, 0.0, 0.0,
                             0.0, 0.0, 0.0, 0.0, 0.0, 0.0, 0.0, 0.0, 0.0, 0.0, 0.0, 0.0, 0.0, 0.0, 0.0, 0.0, 0.0, 0.0, 0.0, 0.0,
                             0.0, 0.0, 0.0, 0.0, 0.0, 0.0, 0.0, 0.0, 0.0, 0.0, 0.0, 0.0, 0.0, 0.0, 0.0, 0.0, 0.0, 0.0, 0.0, 0.0,
                             0.0, 0.0, 0.0, 0.0, 0.0, 0.0, 0.0, 0.0, 0.0, 0.0, 0.0, 0.0, 0.0, 0.0, 0.0, 0.0, 0.0, 0.0, 0.0, 0.0,
                             0.0, 0.0, 0.0, 0.0, 0.0, 0.0, 0.0, 0.0, 0.0, 0.0, 0.0, 0.0, 0.0, 0.0, 0.0, 0.0, 0.0, 0.0, 0.0, 0.0,
                             0.0, 0.0, 0.0, 0.0, 0.0, 0.0, 0.0, 0.0, 0.0, 0.0, 0.0, 0.0, 0.0, 0.0, 0.0, 0.0, 0.0, 0.0, 0.0, 0.0,
                             0.0, 0.0, 0.0, 0.0, 0.0, 0.0, 0.0, 0.0, 0.0, 0.0, 0.0, 0.0, 0.0, 0.0, 0.0, 0.0, 0.0, 0.0, 0.0, 0.0,
                             0.0, 0.0, 0.0, 0.0, 0.0, 0.0, 0.0, 0.0, 0.0, 0.0, 0.0, 0.0, 0.0, 0.0, 0.0, 0.0, 0.0, 0.0, 0.0, 0.0,
                             0.0, 0.0, 0.0, 0.0, 0.0, 0.0, 0.0, 0.0, 0.0, 0.0, 0.0, 0.0, 0.0, 0.0, 0.0, 0.0, 0.0, 0.0, 0.0, 0.0,
                             0.0, 0.0, 0.0, 0.0, 0.0, 0.0, 0.0, 0.0, 0.0, 0.0, 0.0, 0.0, 0.0, 0.0, 0.0, 0.0, 0.0, 0.0, 0.0, 0.0,
                             0.0, 0.0, 0.0, 0.0, 0.0, 0.0, 0.0, 0.0, 0.0, 0.0, 0.0, 0.0, 0.0, 0.0, 0.0, 0.0, 0.0, 0.0, 0.0, 0.0,
                             0.0, 0.0, 0.0, 0.0, 0.0, 0.0, 0.0, 0.0, 0.0, 0.0, 0.0, 0.0, 0.0, 0.0, 0.0, 0.0, 0.0, 0.0, 0.0, 0.0,
                             0.0, 0.0, 0.0, 0.0, 0.0, 0.0, 0.0, 0.0, 0.0, 0.0, 0.0, 0.0, 0.0, 0.0, 0.0, 0.0, 0.0, 0.0, 0.0, 0.0,
                             0.0, 0.0, 0.0, 0.0, 0.0, 0.0, 0.0, 0.0, 0.0, 0.0, 0.0, 0.0, 0.0, 0.0, 0.0, 0.0, 0.0, 0.0, 0.0, 0.0,
                             0.0, 0.0, 0.0, 0.0, 0.0, 0.0, 0.0, 0.0, 0.0, 0.0, 0.0, 0.0, 0.0, 0.0, 0.0, 0.0, 0.0, 0.0, 0.0, 0.0,
                             0.0, 0.0, 0.0, 0.0, 0.0, 0.0, 0.0, 0.0, 0.0, 0.0, 0.0, 0.0, 0.0, 0.0, 0.0, 0.0, 0.0, 0.0, 0.0, 0.0,
                             0.0, 0.0, 0.0, 0.0, 0.0, 0.0, 0.0, 0.0, 0.0, 0.0, 0.0, 0.0, 0.0, 0.0, 0.0, 0.0, 0.0, 0.0, 0.0, 0.0,
                             0.0, 0.0, 0.0, 0.0, 0.0, 0.0, 0.0, 0.0, 0.0, 0.0, 0.0, 0.0, 0.0, 0.0, 0.0, 0.0, 0.0, 0.0, 0.0, 0.0,
                             0.0, 0.0, 0.0, 0.0, 0.0, 0.0, 0.0, 0.0, 0.0, 0.0, 0.0, 0.0, 0.0, 0.0, 0.0, 0.0, 0.0, 0.0, 0.0, 0.0,
                             0.0, 0.0, 0.0, 0.0, 0.0, 0.0, 0.0, 0.0, 0.0, 0.0, 0.0, 0.0, 0.0, 0.0, 0.0, 0.0, 0.0, 0.0, 0.0, 0.0,
                             0.0, 0.0, 0.0, 0.0, 0.0, 0.0, 0.0, 0.0, 0.0, 0.0, 0.0, 0.0, 0.0, 0.0, 0.0, 0.0, 0.0, 0.0, 0.0, 0.0,
                             0.0, 0.0, 0.0, 0.0, 0.0, 0.0, 0.0, 0.0, 0.0, 0.0, 0.0, 0.0, 0.0, 0.0, 0.0, 0.0, 0.0, 0.0, 0.0, 0.0,
                             0.0, 0.0, 0.0, 0.0, 0.0, 0.0, 0.0, 0.0, 0.0, 0.0, 0.0, 0.0, 0.0, 0.0, 0.0, 0.0, 0.0, 0.0, 0.0, 0.0,
                             0.0, 0.0, 0.0, 0.0, 0.0, 0.0, 0.0, 0.0, 0.0, 0.0, 0.0, 0.0, 0.0, 0.0, 0.0, 0.0, 0.0, 0.0, 0.0, 0.0,
                             0.0, 0.0, 0.0, 0.0, 0.0, 0.0, 0.0, 0.0, 0.0, 0.0, 0.0, 0.0, 0.0, 0.0, 0.0, 0.0, 0.0, 0.0, 0.0, 0.0,
                             0.0, 0.0, 0.0, 0.0, 0.0, 0.0, 0.0, 0.0, 0.0, 0.0, 0.0, 0.0, 0.0, 0.0, 0.0, 0.0, 0.0, 0.0, 0.0, 0.0,
                             0.0, 0.0, 0.0, 0.0, 0.0, 0.0, 0.0, 0.0, 0.0, 0.0, 0.0, 0.0, 0.0, 0.0, 0.0, 0.0, 0.0, 0.0, 0.0, 0.0,
                             0.0, 0.0, 0.0, 0.0, 0.0, 0.0, 0.0, 0.0, 0.0, 0.0, 0.0, 0.0, 0.0, 0.0, 0.0, 0.0, 0.0, 0.0, 0.0, 0.0,
                             0.0, 0.0, 0.0, 0.0, 0.0, 0.0, 0.0, 0.0, 0.0, 0.0, 0.0, 0.0, 0.0, 0.0, 0.0, 0.0, 0.0, 0.0, 0.0, 0.0,
                             0.0, 0.0, 0.0, 0.0, 0.0, 0.0, 0.0, 0.0, 0.0, 0.0, 0.0, 0.0, 0.0, 0.0, 0.0, 0.0, 0.0, 0.0, 0.0, 0.0,
                             0.0, 0.0, 0.0, 0.0, 0.0, 0.0, 0.0, 0.0, 0.0, 0.0, 0.0, 0.0, 0.0, 0.0, 0.0, 0.0, 0.0, 0.0, 0.0, 0.0,
                             0.0, 0.0, 0.0, 0.0, 0.0, 0.0, 0.0, 0.0, 0.0, 0.0, 0.0, 0.0, 0.0, 0.0, 0.0, 0.0, 0.0, 0.0, 0.0, 0.0,
                             0.0, 0.0, 0.0, 0.0, 0.0, 0.0, 0.0, 0.0, 0.0, 0.0, 0.0, 0.0, 0.0, 0.0, 0.0, 0.0, 0.0, 0.0, 0.0, 0.0,
                             0.0, 0.0, 0.0, 0.0, 0.0, 0.0, 0.0, 0.0, 0.0, 0.0, 0.0, 0.0, 0.0, 0.0, 0.0, 0.0, 0.0, 0.0, 0.0, 0.0,
                             0.0, 0.0, 0.0, 0.0, 0.0, 0.0, 0.0, 0.0, 0.0, 0.0, 0.0, 0.0, 0.0, 0.0, 0.0, 0.0, 0.0, 0.0, 0.0, 0.0,
                             0.0, 0.0, 0.0, 0.0, 0.0, 0.0, 0.0, 0.0, 0.0, 0.0, 0.0, 0.0, 0.0, 0.0, 0.0, 0.0, 0.0, 0.0, 0.0, 0.0,
                             0.0, 0.0, 0.0, 0.0, 0.0, 0.0, 0.0, 0.0, 0.0, 0.0, 0.0, 0.0, 0.0, 0.0, 0.0, 0.0, 0.0, 0.0, 0.0, 0.0,
                             0.0, 0.0, 0.0, 0.0, 0.0, 0.0, 0.0, 0.0, 0.0, 0.0, 0.0, 0.0, 0.0, 0.0, 0.0, 0.0, 0.0, 0.0, 0.0, 0.0,
                             0.0, 0.0, 0.0, 0.0, 0.0, 0.0, 0.0, 0.0, 0.0, 0.0, 0.0, 0.0, 0.0, 0.0, 0.0, 0.0, 0.0, 0.0, 0.0, 0.0,
                             0.0, 0.0, 0.0, 0.0, 0.0, 0.0, 0.0, 0.0, 0.0, 0.0, 0.0, 0.0, 0.0, 0.0, 0.0, 0.0, 0.0, 0.0, 0.0, 0.0,
                             0.0, 0.0, 0.0, 0.0, 0.0, 0.0, 0.0, 0.0, 0.0, 0.0, 0.0, 0.0, 0.0, 0.0, 0.0, 0.0, 0.0, 0.0, 0.0, 0.0,
                             0.0, 0.0, 0.0, 0.0, 0.0, 0.0, 0.0, 0.0, 0.0, 0.0, 0.0, 0.0, 0.0, 0.0, 0.0, 0.0, 0.0, 0.0, 0.0, 0.0,
                             0.0, 0.0, 0.0, 0.0, 0.0, 0.0, 0.0, 0.0, 0.0, 0.0, 0.0, 0.0, 0.0, 0.0, 0.0, 0.0, 0.0, 0.0, 0.0, 0.0,
                             0.0, 0.0, 0.0, 0.0, 0.0, 0.0, 0.0, 0.0, 0.0, 0.0, 0.0, 0.0, 0.0, 0.0, 0.0, 0.0, 0.0, 0.0, 0.0, 0.0,
                             0.0, 0.0, 0.0, 0.0, 0.0, 0.0, 0.0, 0.0, 0.0, 0.0, 0.0, 0.0, 0.0, 0.0, 0.0, 0.0, 0.0, 0.0, 0.0, 0.0,
                             0.0, 0.0, 0.0, 0.0, 0.0, 0.0, 0.0, 0.0, 0.0, 0.0, 0.0, 0.0, 0.0, 0.0, 0.0, 0.0, 0.0, 0.0, 0.0, 0.0,
                             0.0, 0.0, 0.0, 0.0, 0.0, 0.0, 0.0, 0.0, 0.0, 0.0, 0.0, 0.0, 0.0, 0.0, 0.0, 0.0, 0.0, 0.0, 0.0, 0.0,
                             0.0, 0.0, 0.0, 0.0, 0.0, 0.0, 0.0, 0.0, 0.0, 0.0, 0.0, 0.0, 0.0, 0.0, 0.0, 0.0, 0.0, 0.0, 0.0, 0.0,
                             0.0, 0.0, 0.0, 0.0, 0.0, 0.0, 0.0, 0.0, 0.0, 0.0, 0.0, 0.0, 0.0, 0.0, 0.0, 0.0, 0.0, 0.0, 0.0, 0.0,
                             0.0, 0.0, 0.0, 0.0, 0.0, 0.0, 0.0, 0.0, 0.0, 0.0, 0.0, 0.0, 0.0, 0.0, 0.0, 0.0, 0.0, 0.0, 0.0, 0.0,
                             0.0, 0.0, 0.0, 0.0, 0.0, 0.0, 0.0, 0.0, 0.0, 0.0, 0.0, 0.0, 0.0, 0.0, 0.0, 0.0, 0.0, 0.0, 0.0, 0.0,
                             0.0, 0.0, 0.0, 0.0, 0.0, 0.0, 0.0, 0.0, 0.0, 0.0, 0.0, 0.0, 0.0, 0.0, 0.0, 0.0, 0.0, 0.0, 0.0, 0.0,
                             0.0, 0.0, 0.0, 0.0, 0.0, 0.0, 0.0, 0.0, 0.0, 0.0, 0.0, 0.0, 0.0, 0.0, 0.0, 0.0, 0.0, 0.0, 0.0, 0.0,
                             0.0, 0.0, 0.0, 0.0, 0.0, 0.0, 0.0, 0.0, 0.0, 0.0, 0.0, 0.0, 0.0, 0.0, 0.0, 0.0, 0.0, 0.0, 0.0, 0.0,
                             0.0, 0.0, 0.0, 0.0, 0.0, 0.0, 0.0, 0.0, 0.0, 0.0, 0.0, 0.0, 0.0, 0.0, 0.0, 0.0, 0.0, 0.0, 0.0, 0.0,
                             0.0, 0.0, 0.0, 0.0, 0.0, 0.0, 0.0, 0.0, 0.0, 0.0, 0.0, 0.0, 0.0, 0.0, 0.0, 0.0, 0.0, 0.0, 0.0, 0.0,
                             0.0, 0.0, 0.0, 0.0, 0.0, 0.0, 0.0, 0.0, 0.0, 0.0, 0.0, 0.0, 0.0, 0.0, 0.0, 0.0, 0.0, 0.0, 0.0, 0.0,
                             0.0, 0.0, 0.0, 0.0, 0.0, 0.0, 0.0, 0.0, 0.0, 0.0, 0.0, 0.0, 0.0, 0.0, 0.0, 0.0, 0.0, 0.0, 0.0, 0.0,
                             0.0, 0.0, 0.0, 0.0, 0.0, 0.0, 0.0, 0.0, 0.0, 0.0, 0.0, 0.0, 0.0, 0.0, 0.0, 0.0, 0.0, 0.0, 0.0, 0.0,
                             0.0, 0.0, 0.0, 0.0, 0.0, 0.0, 0.0, 0.0, 0.0, 0.0, 0.0, 0.0, 0.0, 0.0, 0.0, 0.0, 0.0, 0.0, 0.0, 0.0,
                             0.0, 0.0, 0.0, 0.0, 0.0, 0.0, 0.0, 0.0, 0.0, 0.0, 0.0, 0.0, 0.0, 0.0, 0.0, 0.0, 0.0, 0.0, 0.0, 0.0,
                             0.0, 0.0, 0.0, 0.0, 0.0, 0.0, 0.0, 0.0, 0.0, 0.0, 0.0, 0.0, 0.0, 0.0, 0.0, 0.0, 0.0, 0.0, 0.0, 0.0,
                             0.0, 0.0, 0.0, 0.0, 0.0, 0.0, 0.0, 0.0, 0.0, 0.0, 0.0, 0.0, 0.0, 0.0, 0.0, 0.0, 0.0, 0.0, 0.0, 0.0,
                             0.0, 0.0, 0.0, 0.0, 0.0, 0.0, 0.0, 0.0, 0.0, 0.0, 0.0, 0.0, 0.0, 0.0, 0.0, 0.0, 0.0, 0.0, 0.0, 0.0,
                             0.0, 0.0, 0.0, 0.0, 0.0, 0.0, 0.0, 0.0, 0.0, 0.0, 0.0, 0.0, 0.0, 0.0, 0.0, 0.0, 0.0, 0.0, 0.0, 0.0,
                             0.0, 0.0, 0.0, 0.0, 0.0, 0.0, 0.0, 0.0, 0.0, 0.0, 0.0, 0.0, 0.0, 0.0, 0.0, 0.0, 0.0, 0.0, 0.0, 0.0,
                             0.0, 0.0, 0.0, 0.0, 0.0, 0.0, 0.0, 0.0, 0.0, 0.0, 0.0, 0.0, 0.0, 0.0, 0.0, 0.0, 0.0, 0.0, 0.0, 0.0,
                             0.0, 0.0, 0.0, 0.0, 0.0, 0.0, 0.0, 0.0, 0.0, 0.0, 0.0, 0.0, 0.0, 0.0, 0.0, 0.0, 0.0, 0.0, 0.0, 0.0,
                             0.0, 0.0, 0.0, 0.0, 0.0, 0.0, 0.0, 0.0, 0.0, 0.0, 0.0, 0.0, 0.0, 0.0, 0.0, 0.0, 0.0, 0.0, 0.0, 0.0,
                             0.0, 0.0, 0.0, 0.0, 0.0, 0.0, 0.0, 0.0, 0.0, 0.0, 0.0, 0.0, 0.0, 0.0, 0.0, 0.0, 0.0, 0.0, 0.0, 0.0,
                             0.0, 0.0, 0.0, 0.0, 0.0, 0.0, 0.0, 0.0, 0.0, 0.0, 0.0, 0.0, 0.0, 0.0, 0.0, 0.0, 0.0, 0.0, 0.0, 0.0,
                             0.0, 0.0, 0.0, 0.0, 0.0, 0.0, 0.0, 0.0, 0.0, 0.0, 0.0, 0.0, 0.0, 0.0, 0.0, 0.0, 0.0, 0.0, 0.0, 0.0,
                             0.0, 0.0, 0.0, 0.0, 0.0, 0.0, 0.0, 0.0, 0.0, 0.0, 0.0, 0.0, 0.0, 0.0, 0.0, 0.0, 0.0, 0.0, 0.0, 0.0,
                             0.0, 0.0, 0.0, 0.0, 0.0, 0.0, 0.0, 0.0, 0.0, 0.0, 0.0, 0.0, 0.0, 0.0, 0.0, 0.0, 0.0, 0.0, 0.0, 0.0,
                             0.0, 0.0, 0.0, 0.0, 0.0, 0.0, 0.0, 0.0, 0.0, 0.0, 0.0, 0.0, 0.0, 0.0, 0.0, 0.0, 0.0, 0.0, 0.0, 0.0,
                             0.0, 0.0, 0.0, 0.0, 0.0, 0.0, 0.0, 0.0, 0.0, 0.0, 0.0, 0.0, 0.0, 0.0, 0.0, 0.0, 0.0, 0.0, 0.0, 0.0,
                             0.0, 0.0, 0.0, 0.0, 0.0, 0.0, 0.0, 0.0, 0.0, 0.0, 0.0, 0.0, 0.0, 0.0, 0.0, 0.0, 0.0, 0.0, 0.0, 0.0,
                             0.0, 0.0, 0.0, 0.0, 0.0, 0.0, 0.0, 0.0, 0.0, 0.0, 0.0, 0.0, 0.0, 0.0, 0.0, 0.0, 0.0, 0.0, 0.0, 0.0,
                             0.0, 0.0, 0.0, 0.0, 0.0, 0.0, 0.0, 0.0, 0.0, 0.0, 0.0, 0.0, 0.0, 0.0, 0.0, 0.0, 0.0, 0.0, 0.0, 0.0,
                             0.0, 0.0, 0.0, 0.0, 0.0, 0.0, 0.0, 0.0, 0.0, 0.0, 0.0, 0.0, 0.0, 0.0, 0.0, 0.0, 0.0, 0.0, 0.0, 0.0,
                             0.0, 0.0, 0.0, 0.0, 0.0, 0.0, 0.0, 0.0, 0.0, 0.0, 0.0, 0.0, 0.0, 0.0, 0.0, 0.0, 0.0, 0.0, 0.0, 0.0,
                             0.0, 0.0, 0.0, 0.0, 0.0, 0.0, 0.0, 0.0, 0.0, 0.0, 0.0, 0.0, 0.0, 0.0, 0.0, 0.0, 0.0, 0.0, 0.0, 0.0,
                             0.0, 0.0, 0.0, 0.0, 0.0, 0.0, 0.0, 0.0, 0.0, 0.0, 0.0, 0.0, 0.0, 0.0, 0.0, 0.0, 0.0, 0.0, 0.0, 0.0,
                             0.0, 0.0, 0.0, 0.0, 0.0, 0.0, 0.0, 0.0, 0.0, 0.0, 0.0, 0.0, 0.0, 0.0,  0.25,  0.25,  0.25,  0.25,
                             0.25,  0.25,  0.25,  0.25,  0.25,  0.25,  0.25,  0.25,  0.25,  0.25,  0.25,  0.25,  0.25,  0.25,
                             0.25,  0.25,  0.25,  0.25,  0.25,  0.25,  0.25,  0.25,  0.25,  0.25,  0.25,  0.25,  0.25,  0.25,  0.25,
                             0.25,  0.25,  0.25,  0.25,  0.25,  0.25,  0.25,  0.25,  0.25,  0.25,  0.25,  0.25,  0.25,  0.25,  0.25,
                             0.25,  0.25,  0.25,  0.25,  0.25,  0.25,  0.25,  0.25,  0.25,  0.25,  0.25,  0.25,  0.25,  0.25,  0.25,
                             0.25,  0.25,  0.25,  0.25,  0.25,  0.25,  0.25,  0.25,  0.25,  0.25,  0.25,  0.25,  0.25,  0.25,  0.25,
                             0.25,  0.25,  0.25,  0.25,  0.25,  0.25,  0.25,  0.25,  0.25,  0.25,  0.25,  0.25,  0.25,  0.25,  0.25,
                             0.25,  0.25,  0.25,  0.25,  0.25,  0.25,  0.25,  0.25,  0.25,  0.25,  0.25,  0.25,  0.25,  0.25,  0.25,
                             0.25,  0.25,  0.25,  0.25,  0.25,  0.25,  0.25,  0.25,  0.25,  0.25,  0.25,  0.25,  0.25,  0.25,  0.25,
                             0.25,  0.25,  0.25,  0.25,  0.25,  0.25,  0.25,  0.25,  0.25,  0.25,  0.25,  0.25,  0.25,  0.25,  0.25,
                             0.25,  0.25,  0.25,  0.25,  0.25,  0.25,  0.25,  0.25,  0.25,  0.25,  0.25,  0.25,  0.25,  0.25,  0.25,
                             0.25,  0.25,  0.25,  0.25,  0.25,  0.25,  0.25,  0.25,  0.25,  0.25,  0.25,  0.25,  0.25,  0.25,  0.25,
                             0.25,  0.25,  0.25,  0.25,  0.25,  0.25,  0.25,  0.25,  0.25,  0.25,  0.25,  0.25,  0.25,  0.25,  0.25,
                             0.25,  0.25,  0.25,  0.25,  0.25,  0.25,  0.25,  0.25,  0.25,  0.25,  0.25,  0.25,  0.25,  0.25,  0.25,
                             0.25,  0.25,  0.25,  0.25,  0.25,  0.25,  0.25,  0.25,  0.25,  0.25,  0.25,  0.25,  0.25,  0.25,  0.25,
                             0.25,  0.25,  0.25,  0.25,  0.25,  0.25,  0.25,  0.25,  0.25,  0.25,  0.25,  0.25,  0.25,  0.25,  0.25,
                             0.25,  0.25,  0.25,  0.25,  0.25,  0.25,  0.25,  0.25,  0.25,  0.25,  0.25,  0.25,  0.25,  0.25,  0.25,
                             0.25,  0.25,  0.25,  0.25,  0.25,  0.25,  0.25,  0.25,  0.25,  0.25,  0.25,  0.25,  0.25,  0.25,  0.25,
                             0.25,  0.25,  0.25,  0.25,  0.25,  0.25,  0.25,  0.25,  0.25,  0.25,  0.25,  0.25,  0.25,  0.25,  0.25,
                             0.25,  0.25,  0.25,  0.25,  0.25,  0.25,  0.25,  0.25,  0.25,  0.25,  0.25,  0.25,  0.25,  0.25,  0.25,
                             0.25,  0.25,  0.25,  0.25,  0.25,  0.25,  0.25,  0.25,  0.25,  0.25,  0.25,  0.25,  0.25,  0.25,  0.25,
                             0.25,  0.25,  0.25,  0.25,  0.25,  0.25,  0.25,  0.25,  0.25,  0.25,  0.25,  0.25,  0.25,  0.25,  0.25,
                             0.25,  0.25,  0.25,  0.25,  0.25,  0.25,  0.25,  0.25,  0.25,  0.25,  0.25,  0.25,  0.25,  0.25,  0.25,
                             0.25,  0.25,  0.25,  0.25,  0.25,  0.25,  0.25,  0.25,  0.25,  0.25,  0.25,  0.25,  0.25,  0.25,  0.25,
                             0.25,  0.25,  0.25,  0.25,  0.25,  0.25,  0.25,  0.25,  0.25,  0.25,  0.25,  0.25,  0.25,  0.25,  0.25,
                             0.25,  0.25,  0.25,  0.25,  0.25,  0.25,  0.25,  0.25,  0.25,  0.25,  0.25,  0.25,  0.25,  0.25,  0.25,
                             0.25,  0.25,  0.25,  0.25,  0.25,  0.25,  0.25,  0.25,  0.25,  0.25,  0.25,  0.25,  0.25,  0.25,  0.25,
                             0.25,  0.25,  0.25,  0.25,  0.25,  0.25,  0.25,  0.25,  0.25,  0.25,  0.25,  0.25,  0.25,  0.25,  0.25,
                             0.25,  0.25,  0.25,  0.25,  0.25,  0.25,  0.25,  0.25,  0.25,  0.25,  0.25,  0.25,  0.25,  0.25,  0.25,
                             0.25,  0.25,  0.25,  0.25,  0.25,  0.25,  0.25,  0.25,  0.25,  0.25,  0.25,  0.25,  0.25,  0.25,  0.25,
                             0.25,  0.25,  0.25,  0.25,  0.25,  0.25,  0.25,  0.25,  0.25,  0.25,  0.25,  0.25,  0.25,  0.25,  0.25,
                             0.25,  0.25,  0.25,  0.25,  0.25,  0.25,  0.25,  0.25,  0.25,  0.25,  0.25,  0.25,  0.25,  0.25,  0.25,
                             0.25,  0.25,  0.25,  0.25,  0.25,  0.25,  0.25,  0.25,  0.25,  0.25,  0.25,  0.25,  0.25,  0.25,  0.25,
                             0.25,  0.25,  0.25,  0.25,  0.25,  0.25,  0.25,  0.25,  0.25,  0.25,  0.25,  0.25,  0.25,  0.25,  0.25,
                             0.25,  0.25,  0.25,  0.25,  0.25,  0.25,  0.25,  0.25,  0.25,  0.25,  0.25,  0.25,  0.25,  0.25,  0.25,
                             0.25,  0.25,  0.25,  0.25,  0.25,  0.25,  0.25,  0.25,  0.25,  0.25,  0.25,  0.25,  0.25,  0.25,  0.25,
                             0.25,  0.25,  0.25,  0.25,  0.25,  0.25,  0.25,  0.25,  0.25,  0.25,  0.25,  0.25,  0.25,  0.25,  0.25,
                             0.25,  0.25,  0.25,  0.25,  0.25,  0.25,  0.25,  0.25,  0.25,  0.25,  0.25,  0.25,  0.25,  0.25,  0.25,
                             0.25,  0.25,  0.25,  0.25,  0.25,  0.25,  0.25,  0.25,  0.25,  0.25,  0.25,  0.25,  0.25,  0.25,  0.25,
                             0.25,  0.25,  0.25,  0.25,  0.25,  0.25,  0.25,  0.25,  0.25,  0.25,  0.25,  0.25,  0.25,  0.25,  0.25,
                             0.25,  0.25,  0.25,  0.25,  0.25,  0.25,  0.25,  0.25,  0.25,  0.25,  0.25,  0.25,  0.25,  0.25,  0.25,
                             0.25,  0.25,  0.25,  0.25,  0.25,  0.25,  0.25,  0.25,  0.25,  0.25,  0.25,  0.25,  0.25,  0.25,  0.25,
                             0.25,  0.25,  0.25,  0.25,  0.25,  0.25,  0.25,  0.25,  0.25,  0.25,  0.25,  0.25,  0.25,  0.25,  0.25,
                             0.25,  0.25,  0.25,  0.25,  0.25,  0.25,  0.25,  0.25,  0.25,  0.25,  0.25,  0.25,  0.25,  0.25,  0.25,
                             0.25,  0.25,  0.25,  0.25,  0.25,  0.25,  0.25,  0.25,  0.25,  0.25,  0.25,  0.25,  0.25,  0.25,  0.25,
                             0.25,  0.25,  0.25,  0.25,  0.25,  0.25,  0.25,  0.25,  0.25,  0.25,  0.25,  0.25,  0.25,  0.25,  0.25,
                             0.25,  0.25,  0.25,  0.25,  0.25,  0.25,  0.25,  0.25,  0.25,  0.25,  0.25,  0.25,  0.25,  0.25,  0.25,
                             0.25,  0.25,  0.25,  0.25,  0.25,  0.25,  0.25,  0.25,  0.25,  0.25,  0.25,  0.25,  0.25,  0.25,  0.25,
                             0.25,  0.25,  0.25,  0.25,  0.25,  0.25,  0.25,  0.25,  0.25,  0.25,  0.25,  0.25,  0.25,  0.25,  0.25,
                             0.25,  0.25,  0.25,  0.25,  0.25,  0.25,  0.25,  0.25,  0.25,  0.25,  0.25,  0.25,  0.25,  0.25,  0.25,
                             0.25,  0.25,  0.25,  0.25,  0.25,  0.25,  0.25,  0.25,  0.25,  0.25,  0.25,  0.25,  0.25,  0.25,  0.25,
                             0.25,  0.25,  0.25,  0.25,  0.25,  0.25,  0.25,  0.25,  0.25,  0.25,  0.25,  0.25,  0.25,  0.25,  0.25,
                             0.25,  0.25,  0.25,  0.25,  0.25,  0.25,  0.25,  0.25,  0.25,  0.25,  0.25,  0.25,  0.25,  0.25,  0.25,
                             0.25,  0.25,  0.25,  0.25,  0.25,  0.25,  0.25,  0.25,  0.25,  0.25,  0.25,  0.25,  0.25,  0.25,  0.25,
                             0.25,  0.25,  0.25,  0.25,  0.25,  0.25,  0.25,  0.25,  0.25,  0.25,  0.25,  0.25,  0.25,  0.25,  0.25,
                             0.25,  0.25,  0.25,  0.25,  0.25,  0.25,  0.25,  0.25,  0.25,  0.25,  0.25,  0.25,  0.25,  0.25,  0.25,
                             0.25,  0.25,  0.25,  0.25,  0.25,  0.25,  0.25,  0.25,  0.25,  0.25,  0.25,  0.25,  0.25,  0.25,  0.25,
                             0.25,  0.25,  0.25,  0.25,  0.25,  0.25,  0.25,  0.25,  0.25,  0.25,  0.25,  0.25,  0.25,  0.25,  0.25,
                             0.25,  0.25,  0.25,  0.25,  0.25,  0.25,  0.25,  0.25,  0.25,  0.25,  0.25,  0.25,  0.25,  0.25,  0.25,
                             0.25,  0.25,  0.25,  0.25,  0.25,  0.25,  0.25,  0.25,  0.25,  0.25,  0.25,  0.25,  0.25,  0.25,  0.25,
                             0.25,  0.25,  0.25,  0.25,  0.25,  0.25,  0.25,  0.25,  0.25,  0.25,  0.25,  0.25,  0.25,  0.25,  0.25,
                             0.25,  0.25,  0.25,  0.25,  0.25,  0.25,  0.25,  0.25,  0.25,  0.25,  0.25,  0.25,  0.25,  0.25,  0.25,
                             0.25,  0.25,  0.25,  0.25,  0.25,  0.25,  0.25,  0.25,  0.25,  0.25,  0.25,  0.25,  0.25,  0.25,  0.25,
                             0.25,  0.25,  0.25,  0.25,  0.25,  0.25,  0.25,  0.25,  0.25,  0.25,  0.25,  0.25,  0.25,  0.25,  0.25,
                             0.25,  0.25,  0.25,  0.25,  0.25,  0.25,  0.25,  0.25,  0.25,  0.25,  0.25,  0.25,  0.25,  0.25,  0.25,
                             0.25,  0.25,  0.25,  0.25,  0.25,  0.25,  0.25,  0.25,  0.25,  0.25,  0.25,  0.25,  0.25,  0.25,  0.25,
                             0.25,  0.25,  0.25,  0.25,  0.25,  0.25,  0.25,  0.25,  0.25,  0.25,  0.25,  0.25,  0.25,  0.25,  0.25,
                             0.25,  0.25,  0.25,  0.25,  0.25,  0.25,  0.25,  0.25,  0.25,  0.25,  0.25,  0.25,  0.25,  0.25,  0.25,
                             0.25,  0.25,  0.25,  0.25,  0.25,  0.25,  0.25,  0.25,  0.25,  0.25,  0.25,  0.25,  0.25,  0.25,  0.25,
                             0.25,  0.25,  0.25,  0.25,  0.25,  0.25,  0.25,  0.25,  0.25,  0.25,  0.25,  0.25,  0.25,  0.25,  0.25,
                             0.25,  0.25,  0.25,  0.25,  0.25,  0.25,  0.25,  0.25,  0.25,  0.25,  0.25,  0.25,  0.25,  0.25,  0.25,
                             0.25,  0.25,  0.25,  0.25,  0.25,  0.25,  0.25,  0.25,  0.25,  0.25,  0.25,  0.25,  0.25,  0.25,  0.25,
                             0.25,  0.25,  0.25,  0.25,  0.25,  0.25,  0.25,  0.25,  0.25,  0.25,  0.25,  0.25,  0.25,  0.25,  0.25,
                             0.25,  0.25,  0.25,  0.25,  0.25,  0.25,  0.25,  0.25,  0.25,  0.25,  0.25,  0.25,  0.25,  0.25,  0.25,
                             0.25,  0.25,  0.25,  0.25,  0.25,  0.25,  0.25,  0.25,  0.25,  0.25,  0.25,  0.25,  0.25,  0.25,  0.25,
                             0.25,  0.25,  0.25,  0.25,  0.25,  0.25,  0.25,  0.25,  0.25,  0.25,  0.25,  0.25,  0.25,  0.25,  0.25,
                             0.25,  0.25,  0.25,  0.25,  0.25,  0.25,  0.25,  0.25,  0.25,  0.25,  0.25,  0.25,  0.25,  0.25,  0.25,
                             0.25,  0.25,  0.25,  0.25,  0.25,  0.25,  0.25,  0.25,  0.25,  0.25,  0.25,  0.25,  0.25,  0.25,  0.25,
                             0.25,  0.25,  0.25,  0.25,  0.25,  0.25,  0.25,  0.25,  0.25,  0.25,  0.25,  0.25,  0.25,  0.25,  0.25,
                             0.25,  0.25,  0.25,  0.25,  0.25,  0.25,  0.25,  0.25,  0.25,  0.25,  0.25,  0.25,  0.25,  0.25,  0.25,
                             0.25,  0.25,  0.25,  0.25,  0.25,  0.25,  0.25,  0.25,  0.25,  0.25,  0.25,  0.25,  0.25,  0.25,  0.25,
                             0.25,  0.25,  0.25,  0.25,  0.25,  0.25,  0.25,  0.25,  0.25,  0.25,  0.25,  0.25,  0.25,  0.25,  0.25,
                             0.25,  0.25,  0.25,  0.25,  0.25,  0.25,  0.25,  0.25,  0.25,  0.25,  0.25,  0.25,  0.25,  0.25,  0.25,
                             0.25,  0.25,  0.25,  0.25,  0.25,  0.25,  0.25,  0.25,  0.25,  0.25,  0.25,  0.25,  0.25,  0.25,  0.25,
                             0.25,  0.25,  0.25,  0.25,  0.25,  0.25,  0.25,  0.25,  0.25,  0.25,  0.25,  0.25,  0.25,  0.25,  0.25,
                             0.25,  0.25,  0.25,  0.25,  0.25,  0.25,  0.25,  0.25,  0.25,  0.25,  0.25,  0.25,  0.25,  0.25,  0.25,
                             0.25,  0.25,  0.25,  0.25,  0.25,  0.25,  0.25,  0.25,  0.25,  0.25,  0.25,  0.25,  0.25,  0.25,  0.25,
                             0.25,  0.25,  0.25,  0.25,  0.25,  0.25,  0.25,  0.25,  0.25,  0.25,  0.25,  0.25,  0.25,  0.25,  0.25,
                             0.25,  0.25,  0.25,  0.25,  0.25,  0.25,  0.25,  0.25,  0.25,  0.25,  0.25,  0.25,  0.25,  0.25,  0.25,
                             0.25,  0.25,  0.25,  0.25,  0.25,  0.25,  0.25,  0.25,  0.25,  0.25,  0.25,  0.25,  0.25,  0.25,  0.25,
                             0.25,  0.25,  0.25,  0.25,  0.25,  0.25,  0.25,  0.25,  0.25,  0.25,  0.25,  0.25,  0.25,  0.25,  0.25,
                             0.25,  0.25,  0.25,  0.25,  0.25,  0.25,  0.25,  0.25,  0.25,  0.25,  0.25,  0.25,  0.25,  0.25,  0.25,
                             0.25,  0.25,  0.25,  0.25,  0.25,  0.25,  0.25,  0.25,  0.25,  0.25,  0.25,  0.25,  0.25,  0.25,  0.25,
                             0.25,  0.25,  0.25,  0.25,  0.25,  0.25,  0.25,  0.25,  0.25,  0.25,  0.25,  0.25,  0.25,  0.25,  0.25,
                             0.25,  0.25,  0.25,  0.25,  0.25,  0.25,  0.25,  0.25,  0.25,  0.25,  0.25,  0.25,  0.25,  0.25,  0.25,
                             0.25,  0.25,  0.25,  0.25,  0.25,  0.25,  0.25,  0.25,  0.25,  0.25,  0.25,  0.25,  0.25,  0.25,  0.25,
                             0.25,  0.25,  0.25,  0.25,  0.25,  0.25,  0.25,  0.25,  0.25,  0.25,  0.25,  0.25,  0.25,  0.25,  0.25,
                             0.25,  0.25,  0.25,  0.25,  0.25,  0.25,  0.25,  0.25,  0.25,  0.25,  0.25,  0.25,  0.25,  0.25,  0.25,
                             0.25,  0.25,  0.25,  0.25,  0.25,  0.25,  0.25,  0.25,  0.25,  0.25,  0.25,  0.25,  0.25,  0.25,  0.25,
                             0.25,  0.25,  0.25,  0.25,  0.25,  0.25,  0.25,  0.25,  0.25,  0.25,  0.25,  0.25,  0.25,  0.25,  0.25,
                             0.25,  0.25,  0.25,  0.25,  0.25,  0.25,  0.25,  0.25,  0.25,  0.25,  0.25,  0.25,  0.25,  0.25,  0.25,
                             0.25,  0.25,  0.25,  0.25,  0.25,  0.25,  0.25,  0.25,  0.25,  0.25,  0.25,  0.25,  0.25,  0.25,  0.25,
                             0.25,  0.25,  0.25,  0.25,  0.25,  0.25,  0.25,  0.25,  0.25,  0.25,  0.25,  0.25,  0.25,  0.25,  0.25,
                             0.25,  0.25,  0.25,  0.25,  0.25,  0.25,  0.25,  0.25,  0.25,  0.25,  0.25,  0.25,  0.25,  0.25,  0.25,
                             0.25,  0.25,  0.25,  0.25,  0.25,  0.25,  0.25,  0.25,  0.25,  0.25,  0.25,  0.25,  0.25,  0.25,  0.25,
                             0.25,  0.25,  0.25,  0.25,  0.25,  0.25,  0.25,  0.25,  0.25,  0.25,  0.25,  0.25,  0.25,  0.25,  0.25,
                             0.25,  0.25,  0.25,  0.25,  0.25,  0.25,  0.25,  0.25,  0.25,  0.25,  0.25,  0.25,  0.25,  0.25,  0.25,
                             0.25,  0.25,  0.25,  0.25,  0.25,  0.25,  0.25,  0.25,  0.25,  0.25,  0.25,  0.25,  0.25,  0.25,  0.25,
                             0.25,  0.25,  0.25,  0.25,  0.25,  0.25,  0.25,  0.25,  0.25,  0.25,  0.25,  0.25,  0.25,  0.25,  0.25,
                             0.25,  0.25,  0.25,  0.25,  0.25,  0.25,  0.25,  0.25,  0.25,  0.25,  0.25,  0.25,  0.25,  0.25,  0.25,
                             0.25,  0.25,  0.25,  0.25,  0.25,  0.25,  0.25,  0.25,  0.25,  0.25,  0.25,  0.25,  0.25,  0.25,  0.25,
                             0.25,  0.25,  0.25,  0.25,  0.25,  0.25,  0.25,  0.25,  0.25,  0.25,  0.25,  0.25,  0.25,  0.25,  0.25,
                             0.25,  0.25,  0.25,  0.25,  0.25,  0.25,  0.25,  0.25,  0.25,  0.25,  0.25,  0.25,  0.25,  0.25,  0.25,
                             0.25,  0.25,  0.25,  0.25,  0.25,  0.25,  0.25,  0.25,  0.25,  0.25,  0.25,  0.25,  0.25,  0.25,  0.25,
                             0.25,  0.25,  0.25,  0.25,  0.25,  0.25,  0.25,  0.25,  0.25,  0.25,  0.25,  0.25,  0.25,  0.25,  0.25,
                             0.25,  0.25,  0.25,  0.25,  0.25,  0.25,  0.25,  0.25,  0.25,  0.25,  0.25,  0.25,  0.25,  0.25,  0.25,
                             0.25,  0.25,  0.25,  0.25,  0.25,  0.25,  0.25,  0.25,  0.25,  0.25,  0.25,  0.25,  0.25,  0.25,  0.25,
                             0.25,  0.25,  0.25,  0.25,  0.25,  0.25,  0.25,  0.25,  0.25,  0.25,  0.25,  0.25,  0.25,  0.25,  0.25,
                             0.25,  0.25,  0.25,  0.25,  0.25,  0.25,  0.25,  0.25,  0.25,  0.25,  0.25,  0.25,  0.25,  0.25,  0.25,
                             0.25,  0.25,  0.25,  0.25,  0.25,  0.25,  0.25,  0.25,  0.25,  0.25,  0.25,  0.25,  0.25,  0.25,  0.25,
                             0.25,  0.25,  0.25,  0.25,  0.25,  0.25,  0.25,  0.25,  0.25,  0.25,  0.25,  0.25,  0.25,  0.25,  0.25,
                             0.25,  0.25,  0.25,  0.25,  0.25,  0.25,  0.25,  0.25,  0.25,  0.25,  0.25,  0.25,  0.25,  0.25,  0.25,
                             0.25,  0.25,  0.25,  0.25,  0.25,  0.25,  0.25,  0.25,  0.25,  0.25,  0.25,  0.25,  0.25,  0.25,  0.25,
                             0.25,  0.25,  0.25,  0.25,  0.25,  0.25,  0.25,  0.25,  0.25,  0.25,  0.25,  0.25,  0.25,  0.25,  0.25,
                             0.25,  0.25,  0.25,  0.25,  0.25,  0.25,  0.25,  0.25,  0.25,  0.25,  0.25,  0.25,  0.25,  0.25,  0.25,
                             0.25,  0.25,  0.25,  0.25,  0.25,  0.25,  0.25,  0.25,  0.25,  0.25,  0.25,  0.25,  0.25,  0.25,  0.25,
                             0.25,  0.25,  0.25,  0.25,  0.25,  0.25,  0.25,  0.25,  0.25,  0.25,  0.25,  0.25,  0.25,  0.25,  0.25,
                             0.25,  0.25,  0.25,  0.25,  0.25,  0.25,  0.25,  0.25,  0.25,  0.25,  0.25,  0.25,  0.25,  0.25,  0.25,
                             0.25,  0.25,  0.25,  0.25,  0.25,  0.25,  0.25,  0.25,  0.25,  0.25,  0.25,  0.25,  0.25,  0.25,  0.25,
                             0.25,  0.25,  0.25,  0.25,  0.25,  0.25,  0.25,  0.25,  0.25,  0.25,  0.25,  0.25,  0.25,  0.25,  0.25,
                             0.25,  0.25,  0.25,  0.25,  0.25,  0.25,  0.25,  0.25,  0.25,  0.25,  0.25,  0.25,  0.25,  0.25,  0.25,
                             0.25,  0.25,  0.25,  0.25,  0.25,  0.25,  0.25,  0.25,  0.25,  0.25,  0.25,  0.25,  0.25,  0.25,  0.25,
                             0.25,  0.25,  0.25,  0.25,  0.25,  0.25,  0.25,  0.25,  0.25,  0.25,  0.25,  0.25,  0.25,  0.25,  0.25,
                             0.25,  0.25,  0.25,  0.25,  0.25,  0.25,  0.25,  0.25,  0.25,  0.25,  0.25,  0.25,  0.25,  0.25,  0.25,
                             0.25,  0.25,  0.25,  0.25,  0.25,  0.25,  0.25,  0.25,  0.25,  0.25,  0.25,  0.25,  0.25,  0.25,  0.25,
                             0.25,  0.25,  0.25,  0.25,  0.25,  0.25,  0.25,  0.25,  0.25,  0.25,  0.25,  0.25,  0.25,  0.25,  0.25,
                             0.25,  0.25,  0.25,  0.25,  0.25,  0.25,  0.25,  0.25,  0.25,  0.25,  0.25,  0.25,  0.25,  0.25,  0.25,
                             0.25,  0.25,  0.25,  0.25,  0.25,  0.25,  0.25,  0.25,  0.25,  0.25,  0.25,  0.25,  0.25,  0.25,  0.25,
                             0.25,  0.25,  0.25,  0.25,  0.25,  0.25,  0.25,  0.25,  0.25,  0.25,  0.25,  0.25,  0.25,  0.25,  0.25,
                             0.25,  0.25,  0.25,  0.25,  0.25,  0.25,  0.25,  0.25,  0.25,  0.25,  0.25,  0.25,  0.25,  0.25,  0.25,
                             0.25,  0.25,  0.25,  0.25,  0.25,  0.25,  0.25,  0.25,  0.25,  0.25,  0.25,  0.25,  0.25,  0.25,  0.25,
                             0.25,  0.25,  0.25,  0.25,  0.25,  0.25,  0.25,  0.25,