```python
import numpy as np
import scipy.optimize as opt
import time
from scipy.optimize import Bounds, minimize
from functools import partial

def run(seed=42, budget_s=600):
    np.random.seed(seed)
    n_points = 200  # Increased resolution for better optimization
    dx = 2.0 / n_points
    
    # Initial construction from the given initial_h_values
    initial_h_values = np.array([0.0, 0.0, 0.0, 0.0, 0.0, 0.0, 0.0, 0.0, 0.0, 0.0, 0.0, 0.0, 0.0, 0.0, 0.0, 0.0, 0.0, 0.0, 0.0, 0.0,
                               0.0, 0.0, 0.0, 0.0, 0.0, 0.0, 0.0, 0.0, 0.0, 0.0, 0.0, 0.0, 0.0, 0.0, 0.0, 0.0, 0.0, 0.0, 0.0, 0.0,
                               0.0, 0.0, 0.0, 0.0, 0.0, 0.0, 0.0, 0.0, 0.0, 0.0, 0.0, 0.0, 0.0, 0.0, 0.0, 0.0, 0.0, 0.0, 0.0, 0.0,
                               0.0, 0.0, 0.0, 0.0, 0.0, 0.0, 0.0, 0.0, 0.0, 0.0, 0.0, 0.0, 0.0, 0.0, 0.0, 0.0, 0.0, 0.0, 0.0, 0.0,
                               0.0, 0.0, 0.0, 0.0, 0.0, 0.0, 0.0, 0.0, 0.0, 0.0, 0.0, 0.0, 0.0, 0.0, 0.0, 0.0, 0.0, 0.0, 0.0, 0.0,
                               0.0, 0.0, 0.0, 0.0, 0.0, 0.0, 0.0, 0.0, 0.0, 0.0, 0.0, 0.0, 0.0, 0.0, 0.0, 0.0, 0.0, 0.0, 0.0, 0.0,
                               0.0, 0.0, 0.0, 0.0, 0.0, 0.0, 0.0, 0.0, 0.0, 0.0, 0.0, 0.0, 0.0, 0.0, 0.0, 0.0, 0.0, 0.0, 0.0, 0.0,
                               0.0, 0.0, 0.0, 0.0, 0.0, 0.0, 0.0, 0.0, 0.0, 0.0, 0.0, 0.0, 0.0, 0.0, 0.0, 0.0, 0.0, 0.0, 0.0, 0.0,
                               0.0, 0.0, 0.0, 0.0, 0.0, 0.0, 0.0, 0.0, 0.0, 0.0, 0.0, 0.0, 0.0, 0.0, 0.0, 0.0, 0.0, 0.0, 0.0, 0.0,
                               0.0, 0.0, 0.0, 0.0, 0.0, 0.0, 0.0, 0.0, 0.0, 0.0, 0.0, 0.0, 0.0, 0.0, 0.0, 0.0, 0.0, 0.0, 0.0, 0.0,
                               0.0, 0.0, 0.0, 0.0, 0.0, 0.0, 0.0, 0.0, 0.0, 0.0, 0.0, 0.0, 0.0, 0.0, 0.0, 0.0, 0.0, 0.0, 0.0, 0.0,
                               0.0, 0.0, 0.0, 0.0, 0.0, 0.0, 0.0, 0.0, 0.0, 0.0, 0.0, 0.0, 0.0, 0.0, 0.0, 0.0, 0.0, 0.0, 0.0, 0.0,
                               0.0, 0.0, 0.0, 0.0, 0.0, 0.0, 0.0, 0.0, 0.0, 0.0, 0.0, 0.0, 0.0, 0.0, 0.0, 0.0, 0.0, 0.0, 0.0, 0.0,
                               0.0, 0.0, 0.0, 0.0, 0.0, 0.0, 0.0, 0.0, 0.0, 0.0, 0.0, 0.0, 0.0, 0.0, 0.0, 0.0, 0.0, 0.0, 0.0, 0.0,
                               0.0, 0.0, 0.0, 0.0, 0.0, 0.0, 0.0, 0.0, 0.0, 0.0, 0.0, 0.0, 0.0, 0.0, 0.0, 0.0, 0.0, 0.0, 0.0, 0.0,
                               0.0, 0.0, 0.0, 0.0, 0.0, 0.0, 0.0, 0.0, 0.0, 0.0, 0.0, 0.0, 0.0, 0.0, 0.0, 0.0, 0.0, 0.0, 0.0, 0.0,
                               0.0, 0.0, 0.0, 0.0, 0.0, 0.0, 0.0, 0.0, 0.0, 0.0, 0.0, 0.0, 0.0, 0.0, 0.0, 0.0, 0.0, 0.0, 0.0, 0.0,
                               0.0, 0.0, 0.0, 0.0, 0.0, 0.0, 0.0, 0.0, 0.0, 0.0, 0.0, 0.0, 0.0, 0.0, 0.0, 0.0, 0.0, 0.0, 0.0, 0.0,
                               0.0, 0.0, 0.0, 0.0, 0.0, 0.0, 0.0, 0.0, 0.0, 0.0, 0.0, 0.0, 0.0, 0.0, 0.0, 0.0, 0.0, 0.0, 0.0, 0.0,
                               0.0, 0.0, 0.0, 0.0, 0.0, 0.0, 0.0, 0.0, 0.0, 0.0, 0.0, 0.0, 0.0, 0.0, 0.0, 0.0, 0.0, 0.0, 0.0, 0.0,
                               0.0, 0.0, 0.0, 0.0, 0.0, 0.0, 0.0, 0.0, 0.0, 0.0, 0.0, 0.0, 0.0, 0.0, 0.0, 0.0, 0.0, 0.0, 0.0, 0.0,
                               0.0, 0.0, 0.0, 0.0, 0.0, 0.0, 0.0, 0.0, 0.0, 0.0, 0.0, 0.0, 0.0, 0.0, 0.0, 0.0, 0.0, 0.0, 0.0, 0.0,
                               0.0, 0.0, 0.0, 0.0, 0.0, 0.0, 0.0, 0.0, 0.0, 0.0, 0.0, 0.0, 0.0, 0.0, 0.0, 0.0, 0.0, 0.0, 0.0, 0.0,
                               0.0, 0.0, 0.0, 0.0, 0.0, 0.0, 0.0, 0.0, 0.0, 0.0, 0.0, 0.0, 0.0, 0.0, 0.0, 0.0, 0.0, 0.0, 0.0, 0.0,
                               0.0, 0.0, 0.0, 0.0, 0.0, 0.0, 0.0, 0.0, 0.0, 0.0, 0.0, 0.0, 0.0, 0.0, 0.0, 0.0, 0.0, 0.0, 0.0, 0.0,
                               0.0, 0.0, 0.0, 0.0, 0.0, 0.0, 0.0, 0.0, 0.0, 0.0, 0.0, 0.0, 0.0, 0.0, 0.0, 0.0, 0.0, 0.0, 0.0, 0.0,
                               0.0, 0.0, 0.0, 0.0, 0.0, 0.0, 0.0, 0.0, 0.0, 0.0, 0.0, 0.0, 0.0, 0.0, 0.0, 0.0, 0.0, 0.0, 0.0, 0.0,
                               0.0, 0.0, 0.0, 0.0, 0.0, 0.0, 0.0, 0.0, 0.0, 0.0, 0.0, 0.0, 0.0, 0.0, 0.0, 0.0, 0.0, 0.0, 0.0, 0.0,
                               0.0, 0.0, 0.0, 0.0, 0.0, 0.0, 0.0, 0.0, 0.0, 0.0, 0.0, 0.0, 0.0, 0.0, 0.0, 0.0, 0.0, 0.0, 0.0, 0.0,
                               0.0, 0.0, 0.0, 0.0, 0.0, 0.0, 0.0, 0.0, 0.0, 0.0, 0.0, 0.0, 0.0, 0.0, 0.0, 0.0, 0.0, 0.0, 0.0, 0.0,
                               0.0, 0.0, 0.0, 0.0, 0.0, 0.0, 0.0, 0.0, 0.0, 0.0, 0.0, 0.0, 0.0, 0.0, 0.0, 0.0, 0.0, 0.0, 0.0, 0.0,
                               0.0, 0.0, 0.0, 0.0, 0.0, 0.0, 0.0, 0.0, 0.0, 0.0, 0.0, 0.0, 0.0, 0.0, 0.0, 0.0, 0.0, 0.0, 0.0, 0.0,
                               0.0, 0.0, 0.0, 0.0, 0.0, 0.0, 0.0, 0.0, 0.0, 0.0, 0.0, 0.0, 0.0, 0.0, 0.0, 0.0, 0.0, 0.0, 0.0, 0.0,
                               0.0, 0.0, 0.0, 0.0, 0.0, 0.0, 0.0, 0.0, 0.0, 0.0, 0.0, 0.0, 0.0, 0.0, 0.0, 0.0, 0.0, 0.0, 0.0, 0.0,
                               0.0, 0.0, 0.0, 0.0, 0.0, 0.0, 0.0, 0.0, 0.0, 0.0, 0.0, 0.0, 0.0, 0.0, 0.0, 0.0, 0.0, 0.0, 0.0, 0.0,
                               0.0, 0.0, 0.0, 0.0, 0.0, 0.0, 0.0, 0.0, 0.0, 0.0, 0.0, 0.0, 0.0, 0.0, 0.0, 0.0, 0.0, 0.0, 0.0, 0.0,
                               0.0, 0.0, 0.0, 0.0, 0.0, 0.0, 0.0, 0.0, 0.0, 0.0, 0.0, 0.0, 0.0, 0.0, 0.0, 0.0, 0.0, 0.0, 0.0, 0.0,
                               0.0, 0.0, 0.0, 0.0, 0.0, 0.0, 0.0, 0.0, 0.0, 0.0, 0.0, 0.0, 0.0, 0.0, 0.0, 0.0, 0.0, 0.0, 0.0, 0.0,
                               0.0, 0.0, 0.0, 0.0, 0.0, 0.0, 0.0, 0.0, 0.0, 0.0, 0.0, 0.0, 0.0, 0.0, 0.0, 0.0, 0.0, 0.0, 0.0, 0.0,
                               0.0, 0.0, 0.0, 0.0, 0.0, 0.0, 0.0, 0.0, 0.0, 0.0, 0.0, 0.0, 0.0, 0.0, 0.0, 0.0, 0.0, 0.0, 0.0, 0.0,
                               0.0, 0.0, 0.0, 0.0, 0.0, 0.0, 0.0, 0.0, 0.0, 0.0, 0.0, 0.0, 0.0, 0.0, 0.0, 0.0, 0.0, 0.0, 0.0, 0.0,
                               0.0, 0.0, 0.0, 0.0, 0.0, 0.0, 0.0, 0.0, 0.0, 0.0, 0.0, 0.0, 0.0, 0.0, 0.0, 0.0, 0.0, 0.0, 0.0, 0.0,
                               0.0, 0.0, 0.0, 0.0, 0.0, 0.0, 0.0, 0.0, 0.0, 0.0, 0.0, 0.0, 0.0, 0.0, 0.0, 0.0, 0.0, 0.0, 0.0, 0.0,
                               0.0, 0.0, 0.0, 0.0, 0.0, 0.0, 0.0, 0.0, 0.0, 0.0, 0.0, 0.0, 0.0, 0.0, 0.0, 0.0, 0.0, 0.0, 0.0, 0.0,
                               0.0, 0.0, 0.0, 0.0, 0.0, 0.0, 0.0, 0.0, 0.0, 0.0, 0.0, 0.0, 0.0, 0.0, 0.0, 0.0, 0.0, 0.0, 0.0, 0.0,
                               0.0, 0.0, 0.0, 0.0, 0.0, 0.0, 0.0, 0.0, 0.0, 0.0, 0.0, 0.0, 0.0, 0.0, 0.0, 0.0, 0.0, 0.0, 0.0, 0.0,
                               0.0, 0.0, 0.0, 0.0, 0.0, 0.0, 0.0, 0.0, 0.0, 0.0, 0.0, 0.0, 0.0, 0.0, 0.0, 0.0, 0.0, 0.0, 0.0, 0.0,
                               0.0, 0.0, 0.0, 0.0, 0.0, 0.0, 0.0, 0.0, 0.0, 0.0, 0.0, 0.0, 0.0, 0.0, 0.0, 0.0, 0.0, 0.0, 0.0, 0.0,
                               0.0, 0.0, 0.0, 0.0, 0.0, 0.0, 0.0, 0.0, 0.0, 0.0, 0.0, 0.0, 0.0, 0.0, 0.0, 0.0, 0.0, 0.0, 0.0, 0.0,
                               0.0, 0.0, 0.0, 0.0, 0.0, 0.0, 0.0, 0.0, 0.0, 0.0, 0.0, 0.0, 0.0, 0.0, 0.0, 0.0, 0.0, 0.0, 0.0, 0.0,
                               0.0, 0.0, 0.0, 0.0, 0.0, 0.0, 0.0, 0.0, 0.0, 0.0, 0.0, 0.0, 0.0, 0.0, 0.0, 0.0, 0.0, 0.0, 0.0, 0.0,
                               0.0, 0.0, 0.0, 0.0, 0.0, 0.0, 0.0, 0.0, 0.0, 0.0, 0.0, 0.0, 0.0, 0.0, 0.0, 0.0, 0.0, 0.0, 0.0, 0.0,
                               0.0, 0.0, 0.0, 0.0, 0.0, 0.0, 0.0, 0.0, 0.0, 0.0, 0.0, 0.0, 0.0, 0.0, 0.0, 0.0, 0.0, 0.0, 0.0, 0.0,
                               0.0, 0.0, 0.0, 0.0, 0.0, 0.0, 0.0, 0.0, 0.0, 0.0, 0.0, 0.0, 0.0, 0.0, 0.0, 0.0, 0.0, 0.0, 0.0, 0.0,
                               0.0, 0.0, 0.0, 0.0, 0.0, 0.0, 0.0, 0.0, 0.0, 0.0, 0.0, 0.0, 0.0, 0.0, 0.0, 0.0, 0.0, 0.0, 0.0, 0.0,
                               0.0, 0.0, 0.0, 0.0, 0.0, 0.0, 0.0, 0.0, 0.0, 0.0, 0.0, 0.0, 0.0, 0.0, 0.0, 0.0, 0.0, 0.0, 0.0, 0.0,
                               0.0, 0.0, 0.0, 0.0, 0.0, 0.0, 0.0, 0.0, 0.0, 0.0, 0.0, 0.0, 0.0, 0.0, 0.0, 0.0, 0.0, 0.0, 0.0, 0.0,
                               0.0, 0.0, 0.0, 0.0, 0.0, 0.0, 0.0, 0.0, 0.0, 0.0, 0.0, 0.0, 0.0, 0.0, 0.0, 0.0, 0.0, 0.0, 0.0, 0.0,
                               0.0, 0.0, 0.0, 0.0, 0.0, 0.0, 0.0, 0.0, 0.0, 0.0, 0.0, 0.0, 0.0, 0.0, 0.0, 0.0, 0.0, 0.0, 0.0, 0.0,
                               0.0, 0.0, 0.0, 0.0, 0.0, 0.0, 0.0, 0.0, 0.0, 0.0, 0.0, 0.0, 0.0, 0.0, 0.0, 0.0, 0.0, 0.0, 0.0, 0.0,
                               0.0, 0.0, 0.0, 0.0, 0.0, 0.0, 0.0, 0.0, 0.0, 0.0, 0.0, 0.0, 0.0, 0.0, 0.0, 0.0, 0.0, 0.0, 0.0, 0.0,
                               0.0, 0.0, 0.0, 0.0, 0.0, 0.0, 0.0, 0.0, 0.0, 0.0, 0.0, 0.0, 0.0, 0.0, 0.0, 0.0, 0.0, 0.0, 0.0, 0.0,
                               0.0, 0.0, 0.0, 0.0, 0.0, 0.0, 0.0, 0.0, 0.0, 0.0, 0.0, 0.0, 0.0, 0.0, 0.0, 0.0, 0.0, 0.0, 0.0, 0.0,
                               0.0, 0.0, 0.0, 0.0, 0.0, 0.0, 0.0, 0.0, 0.0, 0.0, 0.0, 0.0, 0.0, 0.0, 0.0, 0.0, 0.0, 0.0, 0.0, 0.0,
                               0.0, 0.0, 0.0, 0.0, 0.0, 0.0, 0.0, 0.0, 0.0, 0.0, 0.0, 0.0, 0.0, 0.0, 0.0, 0.0, 0.0, 0.0, 0.0, 0.0,
                               0.0, 0.0, 0.0, 0.0, 0.0, 0.0, 0.0, 0.0, 0.0, 0.0, 0.0, 0.0, 0.0, 0.0, 0.0, 0.0, 0.0, 0.0, 0.0, 0.0,
                               0.0, 0.0, 0.0, 0.0, 0.0, 0.0, 0.0, 0.0, 0.0, 0.0, 0.0, 0.0, 0.0, 0.0, 0.0, 0.0, 0.0, 0.0, 0.0, 0.0,
                               0.0, 0.0, 0.0, 0.0, 0.0, 0.0, 0.0, 0.0, 0.0, 0.0, 0.0, 0.0, 0.0, 0.0, 0.0, 0.0, 0.0, 0.0, 0.0, 0.0,
                               0.0, 0.0, 0.0, 0.0, 0.0, 0.0, 0.0, 0.0, 0.0, 0.0, 0.0, 0.0, 0.0, 0.0, 0.0, 0.0, 0.0, 0.0, 0.0, 0.0,
                               0.0, 0.0, 0.0, 0.0, 0.0, 0.0, 0.0, 0.0, 0.0, 0.0, 0.0, 0.0, 0.0, 0.0, 0.0, 0.0, 0.0, 0.0, 0.0, 0.0,
                               0.0, 0.0, 0.0, 0.0, 0.0, 0.0, 0.0, 0.0, 0.0, 0.0, 0.0, 0.0, 0.0, 0.0, 0.0, 0.0, 0.0, 0.0, 0.0, 0.0,
                               0.0, 0.0, 0.0, 0.0, 0.0, 0.0, 0.0, 0.0, 0.0, 0.0, 0.0, 0.0, 0.0, 0.0, 0.0, 0.0, 0.0, 0.0, 0.0, 0.0,
                               0.0, 0.0, 0.0, 0.0, 0.0, 0.0, 0.0, 0.0, 0.0, 0.0, 0.0, 0.0, 0.0, 0.0, 0.0, 0.0, 0.0, 0.0, 0.0, 0.0,
                               0.0, 0.0, 0.0, 0.0, 0.0, 0.0, 0.0, 0.0, 0.0, 0.0, 0.0, 0.0, 0.0, 0.0, 0.0, 0.0, 0.0, 0.0, 0.0, 0.0,
                               0.0, 0.0, 0.0, 0.0, 0.0, 0.0, 0.0, 0.0, 0.0, 0.0, 0.0, 0.0, 0.0, 0.0, 0.0, 0.0, 0.0, 0.0, 0.0, 0.0,
                               0.0, 0.0, 0.0, 0.0, 0.0, 0.0, 0.0, 0.0, 0.0, 0.0, 0.0, 0.0, 0.0, 0.0, 0.0, 0.0, 0.0, 0.0, 0.0, 0.0,
                               0.0, 0.0, 0.0, 0.0, 0.0, 0.0, 0.0, 0.0, 0.0, 0.0, 0.0, 0.0, 0.0, 0.0, 0.0, 0.0, 0.0, 0.0, 0.0, 0.0,
                               0.0, 0.0, 0.0, 0.0, 0.0, 0.0, 0.0, 0.0, 0.0, 0.0, 0.0, 0.0, 0.0, 0.0, 0.0, 0.0, 0.0, 0.0, 0.0, 0.0,
                               0.0, 0.0, 0.0, 0.0, 0.0, 0.0, 0.0, 0.0, 0.0, 0.0, 0.0, 0.0, 0.0, 0.0, 0.0, 0.0, 0.0, 0.0, 0.0, 0.0,
                               0.0, 0.0, 0.0, 0.0, 0.0, 0.0, 0.0, 0.0, 0.0, 0.0, 0.0, 0.0, 0.0, 0.0, 0.0, 0.0, 0.0, 0.0, 0.0, 0.0,
                               0.0, 0.0, 0.0, 0.0, 0.0, 0.0, 0.0, 0.0, 0.0, 0.0, 0.0, 0.0, 0.0, 0.0, 0.0, 0.0, 0.0, 0.0, 0.0, 0.0,
                               0.0, 0.0, 0.0, 0.0, 0.0, 0.0, 0.0, 0.0, 0.0, 0.0, 0.0, 0.0, 0.0, 0.0, 0.0, 0.0, 0.0, 0.0, 0.0, 0.0,
                               0.0, 0.0, 0.0, 0.0, 0.0, 0.0, 0.0, 0.0, 0.0, 0.0, 0.0, 0.0, 0.0, 0.0, 0.0, 0.0, 0.0, 0.0, 0.0, 0.0,
                               0.0, 0.0, 0.0, 0.0, 0.0, 0.0, 0.0, 0.0, 0.0, 0.0, 0.0, 0.0, 0.0, 0.0, 0.0, 0.0, 0.0, 0.0, 0.0, 0.0,
                               0.0, 0.0, 0.0, 0.0, 0.0, 0.0, 0.0, 0.0, 0.0, 0.0, 0.0, 0.0, 0.0, 0.0, 0.0, 0.0, 0.0, 0.0, 0.0, 0.0,
                               0.0, 0.0, 0.0, 0.0, 0.0, 0.0, 0.0, 0.0, 0.0, 0.0, 0.0, 0.0, 0.0, 0.0, 0.0, 0.0, 0.0, 0.0, 0.0, 0.0,
                               0.0, 0.0, 0.0, 0.0, 0.0, 0.0, 0.0, 0.0, 0.0, 0.0, 0.0, 0.0, 0.0, 0.0, 0.0, 0.0, 0.0, 0.0, 0.0, 0.0,
                               0.0, 0.0, 0.0, 0.0, 0.0, 0.0, 0.0, 0.0, 0.0, 0.0, 0.0, 0.0, 0.0, 0.0, 0.0, 0.0, 0.0, 0.0, 0.0, 0.0,
                               0.0, 0.0, 0.0, 0.0, 0.0, 0.0, 0.0, 0.0, 0.0, 0.0, 0.0, 0.0, 0.0, 0.0, 0.0, 0.0, 0.0, 0.0, 0.0, 0.0,
                               0.0, 0.0, 0.0, 0.0, 0.0, 0.0, 0.0, 0.0, 0.0, 0.0, 0.0, 0.0, 0.0, 0.0, 0.0, 0.0, 0.0, 0.0, 0.0, 0.0,
                               0.0, 0.0, 0.0, 0.0, 0.0, 0.0, 0.0, 0.0, 0.0, 0.0, 0.0, 0.0, 0.0, 0.0, 0.0, 0.0, 0.0, 0.0, 0.0, 0.0,
                               0.0, 0.0, 0.0, 0.0, 0.0, 0.0, 0.0, 0.0, 0.0, 0.0, 0.0, 0.0, 0.0, 0.0, 0.0, 0.0, 0.0, 0.0, 0.0, 0.0,
                               0.0, 0.0, 0.0, 0.0, 0.0, 0.0, 0.0, 0.0, 0.0, 0.0, 0.0, 0.0, 0.0, 0.0, 0.0, 0.0, 0.0, 0.0, 0.0, 0.0,
                               0.0, 0.0, 0.0, 0.0, 0.0, 0.0, 0.0, 0.0, 0.0, 0.0, 0.0, 0.0, 0.0, 0.0, 0.0, 0.0, 0.0, 0.0, 0.0, 0.0,
                               0.0, 0.0, 0.0, 0.0, 0.0, 0.0, 0.0, 0.0, 0.0, 0.0, 0.0, 0.0, 0.0, 0.0, 0.0, 0.0, 0.0, 0.0, 0.0, 0.0,
                               0.0, 0.0, 0.0, 0.0, 0.0, 0.0, 0.0, 0.0, 0.0, 0.0, 0.0, 0.0, 0.0, 0.0, 0.0, 0.0, 0.0, 0.0, 0.0, 0.0,
                               0.0, 0.0, 0.0, 0.0, 0.0, 0.0, 0.0, 0.0, 0.0, 0.0, 0.0, 0.0, 0.0, 0.0, 0.0, 0.0, 0.0, 0.0, 0.0, 0.0,
                               0.0, 0.0, 0.0, 0.0, 0.0, 0.0, 0.0, 0.0, 0.0, 0.0, 0.0, 0.0, 0.0, 0.0, 0.0, 0.0, 0.0, 0.0, 0.0, 0.0,
                               0.0, 0.0, 0.0, 0.0, 0.0, 0.0, 0.0, 0.0, 0.0, 0.0, 0.0, 0.0, 0.0, 0.0, 0.0, 0.0, 0.0, 0.0, 0.0, 0.0,
                               0.0, 0.0, 0.0, 0.0, 0.0, 0.0, 0.0, 0.0, 0.0, 0.0, 0.0, 0.0, 0.0, 0.0, 0.0, 0.0, 0.0, 0.0, 0.0, 0.0,
                               0.0, 0.0, 0.0, 0.0, 0.0, 0.0, 0.0, 0.0, 0.0, 0.0, 0.0, 0.0, 0.0, 0.0, 0.0, 0.0, 0.0, 0.0, 0.0, 0.0,
                               0.0, 0.0, 0.0, 0.0, 0.0, 0.0, 0.0, 0.0, 0.0, 0.0, 0.0, 0.0, 0.0, 0.0, 0.0, 0.0, 0.0, 0.0, 0.0, 0.0,
                               0.0, 0.0, 0.0, 0.0, 0.0, 0.0, 0.0, 0.0, 0.0, 0.0, 0.0, 0.0, 0.0, 0.0, 0.0, 0.0, 0.0, 0.0, 0.0, 0.0,
                               0.0, 0.0, 0.0, 0.0, 0.0, 0.0, 0.0, 0.0, 0.0, 0.0, 0.0, 0.0, 0.0, 0.0, 0.0, 0.0, 0.0, 0.0, 0.0, 0.0,
                               0.0, 0.0, 0.0, 0.0, 0.0, 0.0, 0.0, 0.0, 0.0, 0.0, 0.0, 0.0, 0.0, 0.0, 0.0, 0.0, 0.0, 0.0, 0.0, 0.0,
                               0.0, 0.0, 0.0, 0.0, 0.0, 0.0, 0.0, 0.0, 0.0, 0.0, 0.0, 0.0, 0.0, 0.0, 0.0, 0.0, 0.0, 0.0, 0.0, 0.0,
                               0.0, 0.0, 0.0, 0.0, 0.0, 0.0, 0.0, 0.0, 0.0, 0.0, 0.0, 0.0, 0.0, 0.0, 0.0, 0.0, 0.0, 0.0, 0.0, 0.0,
                               0.0, 0.0, 0.0, 0.0, 0.0, 0.0, 0.0, 0.0, 0.0, 0.0, 0.0, 0.0, 0.0, 0.0, 0.0, 0.0, 0.0, 0.0, 0.0, 0.0,
                               0.0, 0.0, 0.0, 0.0, 0.0, 0.0, 0.0, 0.0, 0.0, 0.0, 0.0, 0.0, 0.0, 0.0, 0.0, 0.0, 0.0, 0.0, 0.0, 0.0,
                               0.0, 0.0, 0.0, 0.0, 0.0, 0.0, 0.0, 0.0, 0.0, 0.0, 0.0, 0.0, 0.0, 0.0, 0.0, 0.0, 0.0, 0.0, 0.0, 0.0,
                               0.0, 0.0, 0.0, 0.0, 0.0, 0.0, 0.0, 0.0, 0.0, 0.0, 0.0, 0.0, 0.0, 0.0, 0.0, 0.0, 0.0, 0.0, 0.0, 0.0,
                               0.0, 0.0, 0.0, 0.0, 0.0, 0.0, 0.0, 0.0, 0.0, 0.0, 0.0, 0.0, 0.0, 0.0, 0.0, 0.0, 0.0, 0.0, 0.0, 0.0,
                               0.0, 0.0, 0.0, 0.0, 0.0, 0.0, 0.0, 0.0, 0.0, 0.0, 0.0, 0.0, 0.0, 0.0, 0.0, 0.0, 0.0, 0.0, 0.0, 0.0,
                               0.0, 0.0, 0.0, 0.0, 0.0, 0.0, 0.0, 0.0, 0.0, 0.0, 0.0, 0.0, 0.0, 0.0, 0.0, 0.0, 0.0, 0.0, 0.0, 0.0,
                               0.0, 0.0, 0.0, 0.0, 0.0, 0.0, 0.0, 0.0, 0.0, 0.0, 0.0, 0.0, 0.0, 0.0, 0.0, 0.0, 0.0, 0.0, 0.0, 0.0,
                               0.0, 0.0, 0.0, 0.0, 0.0, 0.0, 0.0, 0.0, 0.0, 0.0, 0.0, 0.0, 0.0, 0.0, 0.0, 0.0, 0.0, 0.0, 0.0, 0.0,
                               0.0, 0.0, 0.0, 0.0, 0.0, 0.0, 0.0, 0.0, 0.0, 0.0, 0.0, 0.0, 0.0, 0.0, 0.0, 0.0, 0.0, 0.0, 0.0, 0.0,
                               0.0, 0.0, 0.0, 0.0, 0.0, 0.0, 0.0, 0.0, 0.0, 0.0, 0.0, 0.0, 0.0, 0.0, 0.0, 0.0, 0.0, 0.0, 0.0, 0.0,
                               0.0, 0.0, 0.0, 0.0, 0.0, 0.0, 0.0, 0.0, 0.0, 0.0, 0.0, 0.0, 0.0, 0.0, 0.0, 0.0, 0.0, 0.0, 0.0, 0.0,
                               0.0, 0.0, 0.0, 0.0, 0.0, 0.0, 0.0, 0.0, 0.0, 0.0, 0.0, 0.0, 0.0, 0.0, 0.0, 0.0, 0.0, 0.0, 0.0, 0.0,
                               0.0, 0.0, 0.0, 0.0, 0.0, 0.0, 0.0, 0.0, 0.0, 0.0, 0.0, 0.0, 0.0, 0.0, 0.0, 0.0, 0.0, 0.0, 0.0, 0.0,
                               0.0, 0.0, 0.0, 0.0, 0.0, 0.0, 0.0, 0.0, 0.0, 0.0, 0.0, 0.0, 0.0, 0.0, 0.0, 0.0, 0.0, 0.0, 0.0, 0.0,
                               0.0, 0.0, 0.0, 0.0, 0.0, 0.0, 0.0, 0.0, 0.0, 0.0, 0.0, 0.0, 0.0, 0.0, 0.0, 0.0, 0.0, 0.0, 0.0, 0.0,
                               0.0, 0.0, 0.0, 0.0, 0.0, 0.0, 0.0, 0.0, 0.0, 0.0, 0.0, 0.0, 0.0, 0.0, 0.0, 0.0, 0.0, 0.0, 0.0, 0.0,
                               0.0, 0.0, 0.0, 0.0, 0.0, 0.0, 0.0, 0.0, 0.0, 0.0, 0.0, 0.0, 0.0, 0.0, 0.0, 0.0, 0.0, 0.0, 0.0, 0.0,
                               0.0, 0.0, 0.0, 0.0, 0.0, 0.0, 0.0, 0.0, 0.0, 0.0, 0.0, 0.0, 0.0, 0.0, 0.0, 0.0, 0.0, 0.0, 0.0, 0.0,
                               0.0, 0.0, 0.0, 0.0, 0.0, 0.0, 0.0, 0.0, 0.0, 0.0, 0.0, 0.0, 0.0, 0.0, 0.0, 0.0, 0.0, 0.0, 0.0, 0.0,
                               0.0, 0.0, 0.0, 0.0, 0.0, 0.0, 0.0, 0.0, 0.0, 0.0, 0.0, 0.0, 0.0, 0.0, 0.0, 0.0, 0.0, 0.0, 0.0, 0.0,
                               0.0, 0.0, 0.0, 0.0, 0.0, 0.0, 0.0, 0.0, 0.0, 0.0, 0.0, 0.0, 0.0, 0.0, 0.0, 0.0, 0.0, 0.0, 0.0, 0.0,
                               0.0, 0.0, 0.0, 0.0, 0.0, 0.0, 0.0, 0.0, 0.0, 0.0, 0.0, 0.0, 0.0, 0.0, 0.0, 0.0, 0.0, 0.0, 0.0, 0.0,
                               0.0, 0.0, 0.0, 0.0, 0.0, 0.0, 0.0, 0.0, 0.0, 0.0, 0.0, 0.0, 0.0, 0.0, 0.0, 0.0, 0.0, 0.0, 0.0, 0.0,
                               0.0, 0.0, 0.0, 0.0, 0.0, 0.0, 0.0, 0.0, 0.0, 0.0, 0.0, 0.0, 0.0, 0.0, 0.0, 0.0, 0.0, 0.0, 0.0, 0.0,
                               0.0, 0.0, 0.0, 0.0, 0.0, 0.0, 0.0, 0.0, 0.0, 0.0, 0.0, 0.0, 0.0, 0.0, 0.0, 0.0, 0.0, 0.0, 0.0, 0.0,
                               0.0, 0.0, 0.0, 0.0, 0.0, 0.0, 0.0, 0.0, 0.0, 0.0, 0.0, 0.0, 0.0, 0.0, 0.0, 0.0, 0.0, 0.0, 0.0, 0.0,
                               0.0, 0.0, 0.0, 0.0, 0.0, 0.0, 0.0, 0.0, 0.0, 0.0, 0.0, 0.0, 0.0, 0.0, 0.0, 0.0, 0.0, 0.0, 0.0, 0.0,
                               0.0, 0.0, 0.0, 0.0, 0.0, 0.0, 0.0, 0.0, 0.0, 0.0, 0.0, 0.0, 0.0, 0.0, 0.0, 0.0, 0.0, 0.0, 0.0, 0.0,
                               0.0, 0.0, 0.0, 0.0, 0.0, 0.0, 0.0, 0.0, 0.0, 0.0, 0.0, 0.0, 0.0, 0.0, 0.0, 0.0, 0.0, 0.0, 0.0, 0.0,
                               0.0, 0.0, 0.0, 0.0, 0.0, 0.0, 0.0, 0.0, 0.0, 0.0, 0.0, 0.0, 0.0, 0.0, 0.0, 0.0, 0.0, 0.0, 0.0, 0.0,
                               0.0, 0.0, 0.0, 0.0, 0.0, 0.0, 0.0, 0.0, 0.0, 0.0, 0.0, 0.0, 0.0, 0.0, 0.0, 0.0, 0.0, 0.0, 0.0, 0.0,
                               0.0, 0.0, 0.0, 0.0, 0.0, 0.0, 0.0, 0.0, 0.0, 0.0, 0.0, 0.0, 0.0, 0.0, 0.0, 0.0, 0.0, 0.0, 0.0, 0.0,
                               0.0, 0.0, 0.0, 0.0, 0.0, 0.0, 0.0, 0.0, 0.0, 0.0, 0.0, 0.0, 0.0, 0.0, 0.0, 0.0, 0.0, 0.0, 0.0, 0.0,
                               0.0, 0.0, 0.0, 0.0, 0.0, 0.0, 0.0, 0.0, 0.0, 0.0, 0.0, 0.0, 0.0, 0.0, 0.0, 0.0, 0.0, 0.0, 0.0, 0.0,
                               0.0, 0.0, 0.0, 0.0, 0.0, 0.0, 0.0, 0.0, 0.0, 0.0, 0.0, 0.0, 0.0, 0.0, 0.0, 0.0, 0.0, 0.0, 0.0, 0.0,
                               0.0, 0.0, 0.0, 0.0, 0.0, 0.0, 0.0, 0.0, 0.0, 0.0, 0.0, 0.0, 0.0, 0.0, 0.0, 0.0, 0.0, 0.0, 0.0, 0.0,
                               0.0, 0.0, 0.0, 0.0, 0.0, 0.0, 0.0, 0.0, 0.0, 0.0, 0.0, 0.0, 0.0, 0.0, 0.0, 0.0, 0.0, 0.0, 0.0, 0.0,
                               0.0, 0.0, 0.0, 0.0, 0.0, 0.0, 0.0, 0.0, 0.0, 0.0, 0.0, 0.0, 0.0, 0.0, 0.0, 0.0, 0.0, 0.0, 0.0, 0.0,
                               0.0, 0.0, 0.0, 0.0, 0.0, 0.0, 0.0, 0.0, 0.0, 0.0, 0.0, 0.0, 0.0, 0.0, 0.0, 0.0, 0.0, 0.0, 0.0, 0.0,
                               0.0, 0.0, 0.0, 0.0, 0.0, 0.0, 0.0, 0.0, 0.0, 0.0, 0.0, 0.0, 0.0, 0.0, 0.0, 0.0, 0.0, 0.0, 0.0, 0.0,
                               0.0, 0.0, 0.0, 0.0, 0.0, 0.0, 0.0, 0.0, 0.0, 0.0, 0.0, 0.0, 0.0, 0.0,  0.4444444444444444,
                               0.4444444444444444, 0.4444444444444444, 0.4444444444444444, 0.4444444444444444, 0.4444444444444444,
                               0.4444444444444444, 0.4444444444444444, 0.4444444444444444, 0.4444444444444444, 0.4444444444444444,
                               0.4444444444444444, 0.4444444444444444, 0.4444444444444444, 0.4444444444444444, 0.4444444444444444,
                               0.4444444444444444, 0.4444444444444444, 0.4444444444444444, 0.4444444444444444, 0.4444444444444444,
                               0.4444444444444444, 0.4444444444444444, 0.4444444444444444, 0.4444444444444444, 0.4444444444444444,
                               0.4444444444444444, 0.4444444444444444, 0.4444444444444444, 0.4444444444444444, 0.4444444444444444,
                               0.4444444444444444, 0.4444444444444444, 0.4444444444444444, 0.4444444444444444, 0.4444444444444444,
                               0.4444444444444444, 0.4444444444444444, 0.4444444444444444, 0.4444444444444444, 0.4444444444444444,
                               0.4444444444444444, 0.4444444444444444, 0.4444444444444444, 0.4444444444444444, 0.4444444444444444,
                               0.4444444444444444, 0.4444444444444444, 0.4444444444444444, 0.4444444444444444, 0.4444444444444444,
                               0.4444444444444444, 0.4444444444444444, 0.4444444444444444, 0.4444444444444444, 0.4444444444444444,
                               0.4444444444444444, 0.4444444444444444, 0.4444444444444444, 0.4444444444444444, 0.4444444444444444,
                               0.4444444444444444, 0.4444444444444444, 0.4444444444444444, 0.4444444444444444, 0.4444444444444444,
                               0.4444444444444444, 0.4444444444444444, 0.4444444444444444, 0.4444444444444444, 0.4444444444444444,
                               0.4444444444444444, 0.4444444444444444, 0.4444444444444444, 0.4444444444444444, 0.4444444444444444,
                               0.4444444444444444, 0.4444444444444444, 0.4444444444444444, 0.4444444444444444, 0.4444444444444444,
                               0.4444444444444444, 0.4444444444444444, 0.4444444444444444, 0.4444444444444444, 0.4444444444444444,
                               0.4444444444444444, 0.4444444444444444, 0.4444444444444444, 0.4444444444444444, 0.4444444444444444,
                               0.4444444444444444, 0.4444444444444444, 0.4444444444444444, 0.4444444444444444, 0.4444444444444444,
                               0.4444444444444444, 0.4444444444444444, 0.4444444444444444, 0.4444444444444444, 0.4444444444444444,
                               0.4444444444444444, 0.4444444444444444, 0.4444444444444444, 0.4444444444444444, 0.4444444444444444,
                               0.4444444444444444, 0.4444444444444444, 0.4444444444444444, 0.4444444444444444, 0.4444444444444444,
                               0.4444444444444444, 0.4444444444444444, 0.4444444444444444, 0.4444444444444444, 0.4444444444444444,
                               0.4444444444444444, 0.4444444444444444, 0.4444444444444444, 0.4444444444444444, 0.4444444444444444,
                               0.4444444444444444, 0.4444444444444444, 0.4444444444444444, 0.4444444444444444, 0.4444444444444444,
                               0.4444444444444444, 0.4444444444444444, 0.4444444444444444, 0.4444444444444444, 0.4444444444444444,
                               0.4444444444444444, 0.4444444444444444, 0.4444444444444444, 0.4444444444444444, 0.4444444444444444,
                               0.4444444444444444, 0.4444444444444444, 0.4444444444444444, 0.4444444444444444, 0.4444444444444444,
                               0.4444444444444444, 0.4444444444444444, 0.4444444444444444, 0.4444444444444444, 0.4444444444444444,
                               0.4444444444444444, 0.4444444444444444, 0.4444444444444444, 0.4444444444444444, 0.4444444444444444,
                               0.4444444444444444, 0.4444444444444444, 0.4444444444444444, 0.4444444444444444, 0.4444444444444444,
                               0.4444444444444444, 0.4444444444444444, 0.4444444444444444, 0.4444444444444444, 0.4444444444444444,
                               0.4444444444444444, 0.4444444444444444, 0.4444444444444444, 0.4444444444444444, 0.4444444444444444,
                               0.4444444444444444, 0.4444444444444444, 0.4444444444444444, 0.4444444444444444, 0.4444444444444444,
                               0.4444444444444444, 0.4444444444444444, 0.4444444444444444, 0.4444444444444444, 0.4444444444444444,
                               0.4444444444444444, 0.4444444444444444, 0.4444444444444444, 0.4444444444444444, 0.4444444444444444,
                               0.4444444444444444, 0.4444444444444444, 0.4444444444444444, 0.4444444444444444, 0.4444444444444444,
                               0.4444444444444444, 0.4444444444444444, 0.4444444444444444, 0.4444444444444444, 0.4444444444444444,
                               0.4444444444444444, 0.4444444444444444, 0.4444444444444444, 0.4444444444444444, 0.4444444444444444,
                               0.4444444444444444, 0.4444444444444444, 0.4444444444444444, 0.4444444444444444, 0.4444444444444444,
                               0.4444444444444444, 0.4444444444444444, 0.4444444444444444, 0.4444444444444444, 0.4444444444444444,
                               0.4444444444444444, 0.4444444444444444, 0.4444444444444444, 0.4444444444444444, 0.4444444444444444,
                               0.4444444444444444, 0.4444444444444444, 0.4444444444444444, 0.4444444444444444, 0.4444444444444444,
                               0.4444444444444444, 0.4444444444444444, 0.4444444444444444, 0.4444444444444444, 0.4444444444444444,
                               0.4444444444444444, 0.4444444444444444, 0.4444444444444444, 0.4444444444444444, 0.4444444444444444,
                               0.4444444444444444, 0.4444444444444444, 0.4444444444444444, 0.4444444444444444, 0.4444444444444444,
                               0.4444444444444444, 0.4444444444444444, 0.4444444444444444, 0.4444444444444444, 0.4444444444444444,
                               0.4444444444444444, 0.4444444444444444, 0.4444444444444444, 0.4444444444444444, 0.4444444444444444,
                               0.4444444444444444, 0.4444444444444444, 0.4444444444444444, 0.4444444444444444, 0.4444444444444444,
                               0.4444444444444444, 0.4444444444444444, 0.4444444444444444, 0.4444444444444444, 0.4444444444444444,
                               0.4444444444444444, 0.4444444444444444, 0.4444444444444444, 0.4444444444444444, 0.4444444444444444,
                               0.4444444444444444, 0.4444444444444444, 0.4444444444444444, 0.4444444444444444, 0.4444444444444444,
                               0.4444444444444444, 0.4444444444444444, 0.4444444444444444, 0.4444444444444444, 0.4444444444444444,
                               0.4444444444444444, 0.4444444444444444, 0.4444444444444444, 0.4444444444444444, 0.4444444444444444,
                               0.4444444444444444, 0.4444444444444444, 0.4444444444444444, 0.4444444444444444, 0.4444444444444444,
                               0.4444444444444444, 0.4444444444444444, 0.4444444444444444, 0.4444444444444444, 0.4444444444444444,
                               0.4444444444444444, 0.4444444444444444, 0.4444444444444444, 0.4444444444444444, 0.4444444444444444,
                               0.4444444444444444, 0.4444444444444444, 0.4444444444444444, 0.4444444444444444, 0.4444444444444444,
                               0.4444444444444444, 0.4444444444444444, 0.4444444444444444, 0.4444444444444444, 0.4444444444444444,
                               0.4444444444444444, 0.4444444444444444, 0.4444444444444444, 0.4444444444444444, 0.4444444444444444,
                               0.4444444444444444, 0.4444444444444444, 0.4444444444444444, 0.4444444444444444, 0.4444444444444444,
                               0.4444444444444444, 0.4444444444444444, 0.4444444444444444, 0.4444444444444444, 0.4444444444444444,
                               0.4444444444444444, 0.4444444444444444, 0.4444444444444444, 0.4444444444444444, 0.4444444444444444,
                               0.4444444444444444, 0.4444444444444444, 0.4444444444444444, 0.4444444444444444, 0.4444444444444444,
                               0.4444444444444444, 0.4444444444444444, 0.4444444444444444, 0.4444444444444444, 0.4444444444444444,
                               0.4444444444444444, 0.4444444444444444, 0.4444444444444444, 0.4444444444444444, 0.4444444444444444,
                               0.4444444444444444, 0.4444444444444444, 0.4444444444444444, 0.4444444444444444, 0.4444444444444444,
                               0.4444444444444444, 0.4444444444444444, 0.4444444444444444, 0.4444444444444444, 0.4444444444444444,
                               0.4444444444444444, 0.4444444444444444, 0.4444444444444444, 0.4444444444444444, 0.4444444444444444,
                               0.4444444444444444, 0.4444444444444444, 0.4444444444444444, 0.4444444444444444, 0.4444444444444444,
                               0.4444444444444444, 0.4444444444444444, 0.4444444444444444, 0.4444444444444444, 0.4444444444444444,
                               0.4444444444444444, 0.4444444444444444, 0.4444444444444444, 0.4444444444444444, 0.4444444444444444,
                               0.4444444444444444, 0.4444444444444444, 0.4444444444444444, 0.4444444444444444, 0.4444444444444444,
                               0.4444444444444444, 0.4444444444444444, 0.4444444444444444, 0.4444444444444444, 0.4444444444444444,
                               0.4444444444444444, 0.4444444444444444, 0.4444444444444444, 0.4444444444444444, 0.4444444444444444,
                               0.4444444444444444, 0.4444444444444444, 0.4444444444444444, 0.4444444444444444, 0.4444444444444444,
                               0.4444444444444444, 0.4444444444444444, 0.4444444444444444, 0.4444444444444444, 0.4444444444444444,
                               0.4444444444444444, 0.4444444444444444, 0.4444444444444444, 0.4444444444444444, 0.4444444444444444,
                               0.4444444444444444, 0.4444444444444444, 0.4444444444444444, 0.4444444444444444, 0.4444444444444444,
                               0.4444444444444444, 0.4444444444444444, 0.4444444444444444, 0.4444444444444444, 0.4444444444444444,
                               0.4444444444444444, 0.4444444444444444, 0.4444444444444444, 0.4444444444444444, 0.4444444444444444,
                               0.4444444444444444, 0.4444444444444444, 0.4444444444444444, 0.4444444444444444, 0.4444444444444444,
                               0.4444444444444444, 0.4444444444444444, 0.4444444444444444, 0.4444444444444444, 0.4444444444444444,
                               0.4444444444444444, 0.4444444444444444, 0.4444444444444444, 0.4444444444444444, 0.4444444444444444,
                               0.4444444444444444, 0.4444444444444444, 0.4444444444444444, 0.4444444444444444, 0.4444444444444444,
                               0.4444444444444444, 0.4444444444444444, 0.4444444444444444, 0.4444444444444444, 0.4444444444444444,
                               0.4444444444444444, 0.4444444444444444, 0.4444444444444444, 0.4444444444444444, 0.4444444444444444,
                               0.4444444444444444, 0.4444444444444444, 0.4444444444444444, 0.4444444444444444, 0.4444444444444444,
                               0.4444444444444444, 0.4444444444444444, 0.4444444444444444, 0.4444444444444444, 0.4444444444444444,
                               0.4444444444444444, 0.4444444444444444, 0.4444444444444444, 0.4444444444444444, 0.4444444444444444,
                               0.4444444444444444, 0.4444444444444444, 0.4444444444444444, 0.4444444444444444, 0.4444444444444444,
                               0.4444444444444444, 0.4444444444444444, 0.4444444444444444, 0.4444444444444444, 0.4444444444444444,
                               0.4444444444444444, 0.4444444444444444, 0.4444444444444444, 0.4444444444444444, 0.4444444444444444,
                               0.4444444444444444, 0.4444444444444444, 0.4444444444444444, 0.4444444444444444, 0.4444444444444444,
                               0.4444444444444444, 0.4444444444444444, 0.4444444444444444, 0.4444444444444444, 0.4444444444444444,
                               0.4444444444444444, 0.4444444444444444, 0.4444444444444444, 0.4444444444444444, 0.4444444444444444,
                               0.4444444444444444, 0.4444444444444444, 0.4444444444444444, 0.4444444444444444, 0.4444444444444444,
                               0.4444444444444444, 0.4444444444444444, 0.4444444444444444, 0.4444444444444444, 0.4444444444444444,
                               0.4444444444444444, 0.4444444444444444, 0.4444444444444444, 0.4444444444444444, 0.4444444444444444,
                               0.4444444444444444, 0.4444444444444444, 0.4444444444444444, 0.4444444444444444, 0.4444444444444444,
                               0.4444444444444444, 0.4444444444444444, 0.4444444444444444, 0.4444444444444444, 0.4444444444444444,
                               0.4444444444444444, 0.4444444444444444, 0.4444444444444444, 0.4444444444444444, 0.4444444444444444,
                               0.4444444444444444, 0.4444444444444444, 0.4444444444444444, 0.4444444444444444, 0.4444444444444444,
                               0.4444444444444444, 0.4444444444444444, 0.4444444444444444, 0.4444444444444444, 0.4444444444444444,
                               0.4444444444444444, 0.4444444444444444, 0.4444444444444444, 0.4444444444444444, 0.4444444444444444,
                               0.4444444444444444, 0.4444444444444444, 0.4444444444444444, 0.4444444444444444, 0.4444444444444444,
                               0.4444444444444444, 0.4444444444444444, 0.4444444444444444, 0.4444444444444444, 0.4444444444444444,
                               0.4444444444444444, 0.4444444444444444, 0.4444444444444444, 0.4444444444444444, 0.4444444444444444,
                               0.4444444444444444, 0.4444444444444444, 0.4444444444444444, 0.4444444444444444, 0.4444444444444444,
                               0.4444444444444444, 0.4444444444444444, 0.4444444444444444, 0.4444444444444444, 0.4444444444444444,
                               0.4444444444444444, 0.4444444444444444, 0.4444444444444444, 0.4444444444444444, 0.4444444444444444,
                               0.4444444444444444, 0.4444444444444444, 0.4444444444444444, 0.4444444444444444, 0.4444444444444444,
                               0.4444444444444444, 0.4444444444444444, 0.4444444444444444, 0.4444444444444444, 0.4444444444444444,
                               0.4444444444444444, 0.4444444444444444, 0.4444444444444444, 0.4444444444444444, 0.4444444444444444,
                               0.4444444444444444, 0.4444444444444444, 0.4444444444444444, 0.4444444444444444, 0.4444444444444444,
                               0.4444444444444444, 0.4444444444444444, 0.4444444444444444, 0.4444444444444444, 0.4444444444444444,
                               0.4444444444444444, 0.4444444444444444, 0.4444444444444444, 0.4444444444444444, 0.4444444444444444,
                               0.4444444444444444, 0.4444444444444444, 0.4444444444444444, 0.4444444444444444, 0.4444444444444444,
                               0.4444444444444444, 0.4444444444444444, 0.4444444444444444, 0.4444444444444444, 0.4444444444444444,
                               0.4444444444444444, 0.4444444444444444, 0.4444444444444444, 0.4444444444444444, 0.4444444444444444,
                               0.4444444444444444, 0.4444444444444444, 0.4444444444444444, 0.4444444444444444, 0.4444444444444444,
                               0.4444444444444444, 0.4444444444444444, 0.4444444444444444, 0.4444444444444444, 0.4444444444444444,
                               0.4444444444444444, 0.4444444444444444, 0.4444444444444444, 0.4444444444444444, 0.4444444444444444,
                               0.4444444444444444, 0.4444444444444444, 0.4444444444444444, 0.4444444444444444, 0.4444444444444444,
                               0.4444444444444444, 0.4444444444444444, 0.4444444444444444, 0.4444444444444444, 0.4444444444444444,
                               0.4444444444444444, 0.4444444444444444, 0.4444444444444444, 0.4444444444444444, 0.4444444444444444,
                               0.4444444444444444, 0.4444444444444444, 0.4444444444444444, 0.4444444444444444, 0.4444444444444444,
                               0.4444444444444444, 0.4444444444444444, 0.4444444444444444, 0.4444444444444444, 0.4444444444444444,
                               0.4444444444444444, 0.4444444444444444, 0.4444444444444444, 0.4444444444444444, 0.4444444444444444,
                               0.4444444444444444, 0.4444444444444444, 0.4444444444444444, 0.4444444444444444, 0.4444444444444444,
                               0.4444444444444444, 0.4444444444444444, 0.4444444444444444, 0.4444444444444444, 0.4444444444444444,
                               0.4444444444444444, 0.4444444444444444, 0.4444444444444444, 0.4444444444444444, 0.4444444444444444,
                               0.4444444444444444, 0.4444444444444444, 0.4444444444444444, 0.4444444444444444, 0.4444444444444444,
                               0.4444444444444444, 0.4444444444444444, 0.4444444444444444, 0.4444444444444444, 0.4444444444444444,
                               0.4444444444444444, 0.4444444444444444, 0.4444444444444444, 0.4444444444444444, 0.4444444444444444,
                               0.4444444444444444, 0.4444444444444444, 0.4444444444444444, 0.4444444444444444, 0.4444444444444444,
                               0.4444444444444444, 0.4444444444444444, 0.4444444444444444, 0.4444444444444444, 0.4444444444444444,
                               0.4444444444444444, 0.4444444444444444, 0.4444444444444444, 0.4444444444444444, 0.4444444444444444,
                               0.4444444444444444, 0.4444444444444444, 0.4444444444444444, 0.4444444444444444, 0.4444444444444444,
                               0.4444444444444444, 0.4444444444444444, 0.4444444444444444, 0.4444444444444444, 0.4444444444444444,
                               0.4444444444444444, 0.4444444444444444, 0.4444444444444444, 0.4444444444444444, 0.4444444444444444,
                               0.4444444444444444, 0.4444444444444444, 0.4444444444444444, 0.4444444444444444, 0.4444444444444444,
                               0.4444444444444444, 0.4444444444444444, 0.4444444444444444, 0.4444444444444444, 0.4444444444444444,
                               0.4444444444444444, 0.4444444444444444, 0.4444444444444444, 0.4444444444444444, 0.4444444444444444,
                               0.4444444444444444, 0.4444444444444444, 0.4444444444444444, 0.4444444444444444, 0.4444444444444444,
                               0.4444444444444444, 0.4444444444444444, 0.4444444444444444, 0.4444444444444444, 0.4444444444444444,
                               0.4444444444444444, 0.4444444444444444, 0.4444444444444444, 0.4444444444444444, 0.4444444444444444,
                               0.4444444444444444, 0.4444444444444444, 0.4444444444444444, 0.4444444444444444, 0.4444444444444444,
                               0.4444444444444444, 0.4444444444444444, 0.4444444444444444, 0.4444444444444444, 0.4444444444444444,
                               0.4444444444444444, 0.4444444444444444, 0.4444444444444444, 0.4444444444444444, 0.4444444444444444,
                               0.4444444444444444, 0.4444444444444444, 0.4444444444444444, 0.4444444444444444, 0.4444444444444444,
                               0.4444444444444444, 0.4444444444444444, 0.4444444444444444, 0.4444444444444444, 0.4444444444444444,
                               0.4444444444444444, 0.4444444444444444, 0.444444444444