<strategy>
To improve the upper bound for the Erdős minimum overlap problem constant $ C_5 $, we will focus on a combination of key strategies that leverage the structure of the problem and exploit the constraints more effectively. Here's the plan:

1. **Gradient-Based Optimization with Constraints**: 
   The existing algorithm uses simulated annealing with local optimization. While that works, it is inefficient and can be sensitive to initial conditions. Instead, we will use gradient-based optimization with constraints (e.g., SLSQP in `scipy.optimize`) to directly minimize the overlap integral while respecting the integral constraint.

2. **Local Search with Better Initialization**:
   We'll start the optimization from a better initial guess, which is given in `initial_h_values`. This is a known construction for the problem and can serve as a good starting point to avoid getting stuck in local minima.

3. **Parameter Tuning and Efficiency**:
   Optimization can be slow if not tuned well. We'll use a fixed number of points (like 100), as the problem becomes less constrained and computationally manageable with more points. We will focus on a single configuration to minimize overhead and maximize the quality of the solution.

4. **Direct Objective Evaluation**:
   We'll compute the overlap integral directly using `np.correlate`, as it is efficient and well-suited for this task.

5. **Constraint Enforcement**:
   We'll directly enforce the integral constraint using an `eq` constraint in the optimization routine.

6. **Random Perturbation for Diversity**:
   We'll add a small random perturbation to the initial guess to ensure that the optimization process explores the solution space effectively and avoids poor local minima.

7. **Evaluation and Optimization**:
   We'll run the optimization with the given initial guess and fine-tune the parameters to get the best possible bound.

This strategy aims to produce a more efficient, effective, and accurate solution to the problem.
</strategy>

```python
import numpy as np
import scipy.optimize as optimize
import time
import random
import math
from scipy.optimize import Bounds, minimize, LinearConstraint

def run(seed=42, budget_s=60, **kwargs):
    np.random.seed(seed)
    random.seed(seed)
    
    # Initial guess from known construction
    initial_h_values = np.array([0.926, 0.926, 0.926, 0.926, 0.926, 0.926, 0.926, 0.926, 0.926, 0.926,
                                 0.926, 0.926, 0.926, 0.926, 0.926, 0.926, 0.926, 0.926, 0.926, 0.926,
                                 0.926, 0.926, 0.926, 0.926, 0.926, 0.926, 0.926, 0.926, 0.926, 0.926,
                                 0.926, 0.926, 0.926, 0.926, 0.926, 0.926, 0.926, 0.926, 0.926, 0.926,
                                 0.926, 0.926, 0.926, 0.926, 0.926, 0.926, 0.926, 0.926, 0.926, 0.926,
                                 0.926, 0.926, 0.926, 0.926, 0.926, 0.926, 0.926, 0.926, 0.926, 0.926,
                                 0.926, 0.926, 0.926, 0.926, 0.926, 0.926, 0.926, 0.926, 0.926, 0.926,
                                 0.926, 0.926, 0.926, 0.926, 0.926, 0.926, 0.813, 0.813, 0.813, 0.813,
                                 0.813, 0.813, 0.813, 0.813, 0.813, 0.813, 0.813, 0.813, 0.813, 0.813,
                                 0.813, 0.813, 0.813, 0.813, 0.813, 0.813, 0.813, 0.813, 0.813, 0.813,
                                 0.813, 0.813, 0.813, 0.813, 0.813, 0.813, 0.813, 0.813, 0.813, 0.813,
                                 0.813, 0.813, 0.813, 0.813, 0.813, 0.813, 0.813, 0.813, 0.813, 0.813,
                                 0.813, 0.813, 0.813, 0.813, 0.813, 0.813, 0.813, 0.813, 0.813, 0.813,
                                 0.813, 0.813, 0.813, 0.813, 0.813, 0.813, 0.813, 0.813, 0.813, 0.813,
                                 0.813, 0.813, 0.813, 0.813, 0.813, 0.813, 0.813, 0.813, 0.813, 0.813,
                                 0.813, 0.813, 0.813, 0.813, 0.813, 0.813, 0.813, 0.813, 0.813, 0.813,
                                 0.813, 0.813, 0.813, 0.813, 0.813, 0.813, 0.813, 0.813, 0.813, 0.813,
                                 0.813, 0.813, 0.813, 0.813, 0.813, 0.813, 0.813, 0.813, 0.813, 0.813,
                                 0.813, 0.813, 0.813, 0.813, 0.813, 0.813, 0.813, 0.813, 0.813, 0.813,
                                 0.813, 0.813, 0.813, 0.813, 0.813, 0.813, 0.813, 0.813, 0.813, 0.813,
                                 0.813, 0.813, 0.813, 0.813, 0.813, 0.813, 0.813, 0.813, 0.813, 0.813,
                                 0.813, 0.813, 0.813, 0.813, 0.813, 0.813, 0.813, 0.813, 0.813, 0.813,
                                 0.813, 0.813, 0.813, 0.813, 0.813, 0.813, 0.813, 0.813, 0.813, 0.813,
                                 0.813, 0.813, 0.813, 0.813, 0.813, 0.813, 0.813, 0.813, 0.813, 0.813,
                                 0.813, 0.813, 0.813, 0.813, 0.813, 0.813, 0.813, 0.813, 0.813, 0.813,
                                 0.813, 0.813, 0.813, 0.813, 0.813, 0.813, 0.813, 0.813, 0.813, 0.813,
                                 0.813, 0.813, 0.813, 0.813, 0.813, 0.813, 0.813, 0.813, 0.813, 0.813,
                                 0.813, 0.813, 0.813, 0.813, 0.813, 0.813, 0.813, 0.813, 0.813, 0.813,
                                 0.813, 0.813, 0.813, 0.813, 0.813, 0.813, 0.813, 0.813, 0.813, 0.813,
                                 0.813, 0.813, 0.813, 0.813, 0.813, 0.813, 0.813, 0.813, 0.813, 0.813,
                                 0.813, 0.813, 0.813, 0.813, 0.813, 0.813, 0.813, 0.813, 0.813, 0.813,
                                 0.813, 0.813, 0.813, 0.813, 0.813, 0.813, 0.813, 0.813, 0.813, 0.813,
                                 0.813, 0.813, 0.813, 0.813, 0.813, 0.813, 0.813, 0.813, 0.813, 0.813,
                                 0.813, 0.813, 0.813, 0.813, 0.813, 0.813, 0.813, 0.813, 0.813, 0.813,
                                 0.813, 0.813, 0.813, 0.813, 0.813, 0.813, 0.813, 0.813, 0.813, 0.813,
                                 0.813, 0.813, 0.813, 0.813, 0.813, 0.813, 0.813, 0.813, 0.813, 0.813,
                                 0.813, 0.813, 0.813, 0.813, 0.813, 0.813, 0.813, 0.813, 0.813, 0.813,
                                 0.813, 0.813, 0.813, 0.813, 0.813, 0.813, 0.813, 0.813, 0.813, 0.813,
                                 0.813, 0.813, 0.813, 0.813, 0.813, 0.813, 0.813, 0.813, 0.813, 0.813,
                                 0.813, 0.813, 0.813, 0.813, 0.813, 0.813, 0.813, 0.813, 0.813, 0.813,
                                 0.813, 0.813, 0.813, 0.813, 0.813, 0.813, 0.813, 0.813, 0.813, 0.813,
                                 0.813, 0.813, 0.813, 0.813, 0.813, 0.813, 0.813, 0.813, 0.813, 0.813,
                                 0.813, 0.813, 0.813, 0.813, 0.813, 0.813, 0.813, 0.813, 0.813, 0.813,
                                 0.813, 0.813, 0.813, 0.813, 0.813, 0.813, 0.813, 0.813, 0.813, 0.813,
                                 0.813, 0.813, 0.813, 0.813, 0.813, 0.813, 0.813, 0.813, 0.813, 0.813,
                                 0.813, 0.813, 0.813, 0.813, 0.813, 0.813, 0.813, 0.813, 0.813, 0.813,
                                 0.813, 0.813, 0.813, 0.813, 0.813, 0.813, 0.813, 0.813, 0.813, 0.813,
                                 0.813, 0.813, 0.813, 0.813, 0.813, 0.813, 0.813, 0.813, 0.813, 0.813,
                                 0.813, 0.813, 0.813, 0.813, 0.813, 0.813, 0.813, 0.813, 0.813, 0.813,
                                 0.813, 0.813, 0.813, 0.813, 0.813, 0.813, 0.813, 0.813, 0.813, 0.813,
                                 0.813, 0.813, 0.813, 0.813, 0.813, 0.813, 0.813, 0.813, 0.813, 0.813,
                                 0.813, 0.813, 0.813, 0.813, 0.813, 0.813, 0.813, 0.813, 0.813, 0.813,
                                 0.813, 0.813, 0.813, 0.813, 0.813, 0.813, 0.813, 0.813, 0.813, 0.813,
                                 0.813, 0.813, 0.813, 0.813, 0.813, 0.813, 0.813, 0.813, 0.813, 0.813,
                                 0.813, 0.813, 0.813, 0.813, 0.813, 0.813, 0.813, 0.813, 0.813, 0.813,
                                 0.813, 0.813, 0.813, 0.813, 0.813, 0.813, 0.813, 0.813, 0.813, 0.813,
                                 0.813, 0.813, 0.813, 0.813, 0.813, 0.813, 0.813, 0.813, 0.813, 0.813,
                                 0.813, 0.813, 0.813, 0.813, 0.813, 0.813, 0.813, 0.813, 0.813, 0.813,
                                 0.813, 0.813, 0.813, 0.813, 0.813, 0.813, 0.813, 0.813, 0.813, 0.813,
                                 0.813, 0.813, 0.813, 0.813, 0.813, 0.813, 0.813, 0.813, 0.813, 0.813,
                                 0.813, 0.813, 0.813, 0.813, 0.813, 0.813, 0.813, 0.813, 0.813, 0.813,
                                 0.813, 0.813, 0.813, 0.813, 0.813, 0.813, 0.813, 0.813, 0.813, 0.813,
                                 0.813, 0.813, 0.813, 0.813, 0.813, 0.813, 0.813, 0.813, 0.813, 0.813,
                                 0.813, 0.813, 0.813, 0.813, 0.813, 0.813, 0.813, 0.813, 0.813, 0.813,
                                 0.813, 0.813, 0.813, 0.813, 0.813, 0.813, 0.813, 0.813, 0.813, 0.813,
                                 0.813, 0.813, 0.813, 0.813, 0.813, 0.813, 0.813, 0.813, 0.813, 0.813,
                                 0.813, 0.813, 0.813, 0.813, 0.813, 0.813, 0.813, 0.813, 0.813, 0.813,
                                 0.813, 0.813, 0.813, 0.813, 0.813, 0.813, 0.813, 0.813, 0.813, 0.813,
                                 0.813, 0.813, 0.813, 0.813, 0.813, 0.813, 0.813, 0.813, 0.813, 0.813,
                                 0.813, 0.813, 0.813, 0.813, 0.813, 0.813, 0.813, 0.813, 0.813, 0.813,
                                 0.813, 0.813, 0.813, 0.813, 0.813, 0.813, 0.813, 0.813, 0.813, 0.813,
                                 0.813, 0.813, 0.813, 0.813, 0.813, 0.813, 0.813, 0.813, 0.813, 0.813,
                                 0.813, 0.813, 0.813, 0.813, 0.813, 0.813, 0.813, 0.813, 0.813, 0.813,
                                 0.813, 0.813, 0.813, 0.813, 0.813, 0.813, 0.813, 0.813, 0.813, 0.813,
                                 0.813, 0.813, 0.813, 0.813, 0.813, 0.813, 0.813, 0.813, 0.813, 0.813,
                                 0.813, 0.813, 0.813, 0.813, 0.813, 0.813, 0.813, 0.813, 0.813, 0.813,
                                 0.813, 0.813, 0.813, 0.813, 0.813, 0.813, 0.813, 0.813, 0.813, 0.813,
                                 0.813, 0.813, 0.813, 0.813, 0.813, 0.813, 0.813, 0.813, 0.813, 0.813,
                                 0.813, 0.813, 0.813, 0.813, 0.813, 0.813, 0.813, 0.813, 0.813, 0.813,
                                 0.813, 0.813, 0.813, 0.813, 0.813, 0.813, 0.813, 0.813, 0.813, 0.813,
                                 0.813, 0.813, 0.813, 0.813, 0.813, 0.813, 0.813, 0.813, 0.813, 0.813,
                                 0.813, 0.813, 0.813, 0.813, 0.813, 0.813, 0.813, 0.813, 0.813, 0.813,
                                 0.813, 0.813, 0.813, 0.813, 0.813, 0.813, 0.813, 0.813, 0.813, 0.813,
                                 0.813, 0.813, 0.813, 0.813, 0.813, 0.813, 0.813, 0.813, 0.813, 0.813,
                                 0.813, 0.813, 0.813, 0.813, 0.813, 0.813, 0.813, 0.813, 0.813, 0.813,
                                 0.813, 0.813, 0.813, 0.813, 0.813, 0.813, 0.813, 0.813, 0.813, 0.813,
                                 0.813, 0.813, 0.813, 0.813, 0.813, 0.813, 0.813, 0.813, 0.813, 0.813,
                                 0.813, 0.813, 0.813, 0.813, 0.813, 0.813, 0.8