```python
import numpy as np
import scipy.optimize as optimize
import itertools
import time
import cvxpy as cp
from scipy.signal import correlate

# Pre-defined initial solution (n=95 samples)
initial_h_values = np.array([0.381, 0.365, 0.365, 0.365, 0.365, 0.365, 0.365, 0.365, 0.365, 0.365, 0.365, 
                             0.365, 0.365, 0.365, 0.365, 0.365, 0.365, 0.365, 0.365, 0.365, 0.365, 
                             0.365, 0.365, 0.365, 0.365, 0.365, 0.365, 0.365, 0.365, 0.365, 0.365, 
                             0.365, 0.365, 0.365, 0.365, 0.365, 0.365, 0.365, 0.365, 0.365, 0.365, 
                             0.365, 0.365, 0.365, 0.365, 0.365, 0.365, 0.365, 0.365, 0.365, 0.365, 
                             0.365, 0.365, 0.365, 0.365, 0.365, 0.365, 0.365, 0.365, 0.365, 0.365, 
                             0.365, 0.365, 0.365, 0.365, 0.365, 0.365, 0.365, 0.365, 0.365, 0.365, 
                             0.365, 0.365, 0.365, 0.365, 0.365, 0.365, 0.365, 0.365, 0.365, 0.365, 
                             0.365, 0.365, 0.365, 0.365, 0.365, 0.365, 0.365, 0.365, 0.365, 0.365, 
                             0.365, 0.365, 0.365, 0.365, 0.365, 0.365, 0.365, 0.365, 0.365, 0.365, 
                             0.365, 0.365, 0.365, 0.365, 0.365, 0.365, 0.365, 0.365, 0.365, 0.365, 
                             0.365, 0.365, 0.365, 0.365, 0.365, 0.365, 0.365, 0.365, 0.365, 0.365, 
                             0.365, 0.365, 0.365, 0.365, 0.365, 0.365, 0.365, 0.365, 0.365, 0.365, 
                             0.365, 0.365, 0.365, 0.365, 0.365, 0.365, 0.365, 0.365, 0.365, 0.365, 
                             0.365, 0.365, 0.365, 0.365, 0.365, 0.365, 0.365, 0.365, 0.365, 0.365, 
                             0.365, 0.365, 0.365, 0.365, 0.365, 0.365, 0.365, 0.365, 0.365, 0.365, 
                             0.365, 0.365, 0.365, 0.365, 0.365, 0.365, 0.365, 0.365, 0.365, 0.365, 
                             0.365, 0.365, 0.365, 0.365, 0.365, 0.365, 0.365, 0.365, 0.365, 0.365, 
                             0.365, 0.365, 0.365, 0.365, 0.365, 0.365, 0.365, 0.365, 0.365, 0.365, 
                             0.365, 0.365, 0.365, 0.365, 0.365, 0.365, 0.365, 0.365, 0.365, 0.365, 
                             0.365, 0.365, 0.365, 0.365, 0.365, 0.365, 0.365, 0.365, 0.365, 0.365, 
                             0.365, 0.365, 0.365, 0.365, 0.365, 0.365, 0.365, 0.365, 0.365, 0.365, 
                             0.365, 0.365, 0.365, 0.365, 0.365, 0.365, 0.365, 0.365, 0.365, 0.365, 
                             0.365, 0.365, 0.365, 0.365, 0.365, 0.365, 0.365, 0.365, 0.365, 0.365, 
                             0.365, 0.365, 0.365, 0.365, 0.365, 0.365, 0.365, 0.365, 0.365, 0.365, 
                             0.365, 0.365, 0.365, 0.365, 0.365, 0.365, 0.365, 0.365, 0.365, 0.365, 
                             0.365, 0.365, 0.365, 0.365, 0.365, 0.365, 0.365, 0.365, 0.365, 0.365, 
                             0.365, 0.365, 0.365, 0.365, 0.365, 0.365, 0.365, 0.365, 0.365, 0.365, 
                             0.365, 0.365, 0.365, 0.365, 0.365, 0.365, 0.365, 0.365, 0.365, 0.365, 
                             0.365, 0.365, 0.365, 0.365, 0.365, 0.365, 0.365, 0.365, 0.365, 0.365, 
                             0.365, 0.365, 0.365, 0.365, 0.365, 0.365, 0.365, 0.365, 0.365, 0.365, 
                             0.365, 0.365, 0.365, 0.365, 0.365, 0.365, 0.365, 0.365, 0.365, 0.365, 
                             0.365, 0.365, 0.365, 0.365, 0.365, 0.365, 0.365, 0.365, 0.365, 0.365, 
                             0.365, 0.365, 0.365, 0.365, 0.365, 0.365, 0.365, 0.365, 0.365, 0.365, 
                             0.365, 0.365, 0.365, 0.365, 0.365, 0.365, 0.365, 0.365, 0.365, 0.365, 
                             0.365, 0.365, 0.365, 0.365, 0.365, 0.365, 0.365, 0.365, 0.365, 0.365, 
                             0.365, 0.365, 0.365, 0.365, 0.365, 0.365, 0.365, 0.365, 0.365, 0.365, 
                             0.365, 0.365, 0.365, 0.365, 0.365, 0.365, 0.365, 0.365, 0.365, 0.365, 
                             0.365, 0.365, 0.365, 0.365, 0.365, 0.365, 0.365, 0.365, 0.365, 0.365, 
                             0.365, 0.365, 0.365, 0.365, 0.365, 0.365, 0.365, 0.365, 0.365, 0.365, 
                             0.365, 0.365, 0.365, 0.365, 0.365, 0.365, 0.365, 0.365, 0.365, 0.365, 
                             0.365, 0.365, 0.365, 0.365, 0.365, 0.365, 0.365, 0.365, 0.365, 0.365, 
                             0.365, 0.365, 0.365, 0.365, 0.365, 0.365, 0.365, 0.365, 0.365, 0.365, 
                             0.365, 0.365, 0.365, 0.365, 0.365, 0.365, 0.365, 0.365, 0.365, 0.365, 
                             0.365, 0.365, 0.365, 0.365, 0.365, 0.365, 0.365, 0.365, 0.365, 0.365, 
                             0.365, 0.365, 0.365, 0.365, 0.365, 0.365, 0.365, 0.365, 0.365, 0.365, 
                             0.365, 0.365, 0.365, 0.365, 0.365, 0.365, 0.365, 0.365, 0.365, 0.365, 
                             0.365, 0.365, 0.365, 0.365, 0.365, 0.365, 0.365, 0.365, 0.365, 0.365, 
                             0.365, 0.365, 0.365, 0.365, 0.365, 0.365, 0.365, 0.365, 0.365, 0.365, 
                             0.365, 0.365, 0.365, 0.365, 0.365, 0.365, 0.365, 0.365, 0.365, 0.365, 
                             0.365, 0.365, 0.365, 0.365, 0.365, 0.365, 0.365, 0.365, 0.365, 0.365, 
                             0.365, 0.365, 0.365, 0.365, 0.365, 0.365, 0.365, 0.365, 0.365, 0.365, 
                             0.365, 0.365, 0.365, 0.365, 0.365, 0.365, 0.365, 0.365, 0.365, 0.365, 
                             0.365, 0.365, 0.365, 0.365, 0.365, 0.365, 0.365, 0.365, 0.365, 0.365, 
                             0.365, 0.365, 0.365, 0.365, 0.365, 0.365, 0.365, 0.365, 0.365, 0.365, 
                             0.365, 0.365, 0.365, 0.365, 0.365, 0.365, 0.365, 0.365, 0.365, 0.365, 
                             0.365, 0.365, 0.365, 0.365, 0.365, 0.365, 0.365, 0.365, 0.365, 0.365, 
                             0.365, 0.365, 0.365, 0.365, 0.365, 0.365, 0.365, 0.365, 0.365, 0.365, 
                             0.365, 0.365, 0.365, 0.365, 0.365, 0.365, 0.365, 0.365, 0.365, 0.365, 
                             0.365, 0.365, 0.365, 0.365, 0.365, 0.365, 0.365, 0.365, 0.365, 0.365, 
                             0.365, 0.365, 0.365, 0.365, 0.365, 0.365, 0.365, 0.365, 0.365, 0.365, 
                             0.365, 0.365, 0.365, 0.365, 0.365, 0.365, 0.365, 0.365, 0.365, 0.365, 
                             0.365, 0.365, 0.365, 0.365, 0.365, 0.365, 0.365, 0.365, 0.365, 0.365, 
                             0.365, 0.365, 0.365, 0.365, 0.365, 0.365, 0.365, 0.365, 0.365, 0.365, 
                             0.365, 0.365, 0.365, 0.365, 0.365, 0.365, 0.365, 0.365, 0.365, 0.365, 
                             0.365, 0.365, 0.365, 0.365, 0.365, 0.365, 0.365, 0.365, 0.365, 0.365, 
                             0.365, 0.365, 0.365, 0.365, 0.365, 0.365, 0.365, 0.365, 0.365, 0.365, 
                             0.365, 0.365, 0.365, 0.365, 0.365, 0.365, 0.365, 0.365, 0.365, 0.365, 
                             0.365, 0.365, 0.365, 0.365, 0.365, 0.365, 0.365, 0.365, 0.365, 0.365, 
                             0.365, 0.365, 0.365, 0.365, 0.365, 0.365, 0.365, 0.365, 0.365, 0.365, 
                             0.365, 0.365, 0.365, 0.365, 0.365, 0.365, 0.365, 0.365, 0.365, 0.365, 
                             0.365, 0.365, 0.365, 0.365, 0.365, 0.365, 0.365, 0.365, 0.365, 0.365, 
                             0.365, 0.365, 0.365, 0.365, 0.365, 0.365, 0.365, 0.365, 0.365, 0.365, 
                             0.365, 0.365, 0.365, 0.365, 0.365, 0.365, 0.365, 0.365, 0.365, 0.365, 
                             0.365, 0.365, 0.365, 0.365, 0.365, 0.365, 0.365, 0.365, 0.365, 0.365, 
                             0.365, 0.365, 0.365, 0.365, 0.365, 0.365, 0.365, 0.365, 0.365, 0.365, 
                             0.365, 0.365, 0.365, 0.365, 0.365, 0.365, 0.365, 0.365, 0.365, 0.365, 
                             0.365, 0.365, 0.365, 0.365, 0.365, 0.365, 0.365, 0.365, 0.365, 0.365, 
                             0.365, 0.365, 0.365, 0.365, 0.365, 0.365, 0.365, 0.365, 0.365, 0.365, 
                             0.365, 0.365, 0.365, 0.365, 0.365, 0.365, 0.365, 0.365, 0.365, 0.365, 
                             0.365, 0.365, 0.365, 0.365, 0.365, 0.365, 0.365, 0.365, 0.365, 0.365, 
                             0.365, 0.365, 0.365, 0.365, 0.365, 0.365, 0.365, 0.365, 0.365, 0.365, 
                             0.365, 0.365, 0.365, 0.365, 0.365, 0.365, 0.365, 0.365, 0.365, 0.365, 
                             0.365, 0.365, 0.365, 0.365, 0.365, 0.365, 0.365, 0.365, 0.365, 0.365, 
                             0.365, 0.365, 0.365, 0.365, 0.365, 0.365, 0.365, 0.365, 0.365, 0.365, 
                             0.365, 0.365, 0.365, 0.365, 0.365, 0.365, 0.365, 0.365, 0.365, 0.365, 
                             0.365, 0.365, 0.365, 0.365, 0.365, 0.365, 0.365, 0.365, 0.365, 0.365, 
                             0.365, 0.365, 0.365, 0.365, 0.365, 0.365, 0.365, 0.365, 0.365, 0.365, 
                             0.365, 0.365, 0.365, 0.365, 0.365, 0.365, 0.365, 0.365, 0.365, 0.365, 
                             0.365, 0.365, 0.365, 0.365, 0.365, 0.365, 0.365, 0.365, 0.365, 0.365, 
                             0.365, 0.365, 0.365, 0.365, 0.365, 0.365, 0.365, 0.365, 0.365, 0.365, 
                             0.365, 0.365, 0.365, 0.365, 0.365, 0.365, 0.365, 0.365, 0.365, 0.365, 
                             0.365, 0.365, 0.3