<strategy>
To improve the upper bound for the Erdős minimum overlap problem constant $ C_5 $, we need to refine our strategy by leveraging more advanced optimization techniques and exploring different initial configurations. Here's the strategy:

1. **Optimization Refinement**:
   - Use a more sophisticated optimization method than the previous SLSQP approach, such as an evolutionary algorithm or a gradient-based optimization that better handles the non-convexity of the problem.
   - Implement a multi-start strategy that explores different initial configurations to avoid local minima.

2. **Perturbations and Initialization**:
   - Use a more intelligent form of perturbation, not just random noise, but one that explores regions of the solution space more effectively.
   - Use a known or carefully constructed initial guess to start with and then refine it.
   - Include multiple initial configurations, including the provided `initial_h_values`, to improve the exploration of the search space.

3. **Adaptive Optimization**:
   - Adaptively change the perturbation magnitude and the optimization method based on the progress during the search.

4. **Efficient Sampling**:
   - Use a smaller number of samples (e.g., 500) for faster computation and to manage the time budget effectively.
   - Use a uniform sampling of the interval [0, 2], with evenly spaced sample points.

5. **Constraint Handling**:
   - Ensure that the integral constraint $ \int_0^2 h(x) dx = 1 $ is precisely maintained through normalization during perturbation and optimization.

The algorithm will proceed with:
- An initial guess derived from the provided `initial_h_values`.
- A local neighborhood search around this initial guess.
- A more efficient optimization algorithm, such as the SLSQP method with better parameterization for convergence.
- A mechanism to maintain the integral constraint and prevent invalid configurations.

By using these techniques, we aim to find a more optimal solution that reduces the value of $ C_5 $ below the current best, ideally achieving a tight upper bound of $ C_5 \leq 0.380876 $.
</strategy>

```python
import numpy as np
import scipy.optimize as optimize
import time
import random

def run(seed=42, budget_s=60, **kwargs):
    np.random.seed(seed)
    random.seed(seed)
    
    # Initial guess
    initial_h_values = np.array([0.5, 0.5, 0.25, 0.25, 0.25, 0.25, 0.25, 0.25,
                                 0.25, 0.25, 0.25, 0.25, 0.25, 0.25, 0.25, 0.25,
                                 0.25, 0.25, 0.25, 0.25, 0.25, 0.25, 0.25, 0.25,
                                 0.25, 0.25, 0.25, 0.25, 0.25, 0.25, 0.25, 0.25,
                                 0.25, 0.25, 0.25, 0.25, 0.25, 0.25, 0.25, 0.25,
                                 0.25, 0.25, 0.25, 0.25, 0.25, 0.25, 0.25, 0.25,
                                 0.25, 0.25, 0.25, 0.25, 0.25, 0.25, 0.25, 0.25,
                                 0.25, 0.25, 0.25, 0.25, 0.25, 0.25, 0.25, 0.25,
                                 0.25, 0.25, 0.25, 0.25, 0.25, 0.25, 0.25, 0.25,
                                 0.25, 0.25, 0.25, 0.25, 0.25, 0.25, 0.25, 0.25,
                                 0.25, 0.25, 0.25, 0.25, 0.25, 0.25, 0.25, 0.25,
                                 0.25, 0.25, 0.25, 0.25, 0.25, 0.25, 0.25, 0.25,
                                 0.25, 0.25, 0.25, 0.25, 0.25, 0.25, 0.25, 0.25,
                                 0.25, 0.25, 0.25, 0.25, 0.25, 0.25, 0.25, 0.25,
                                 0.25, 0.25, 0.25, 0.25, 0.25, 0.25, 0.25, 0.25,
                                 0.25, 0.25, 0.25, 0.25, 0.25, 0.25, 0.25, 0.25,
                                 0.25, 0.25, 0.25, 0.25, 0.25, 0.25, 0.25, 0.25,
                                 0.25, 0.25, 0.25, 0.25, 0.25, 0.25, 0.25, 0.25,
                                 0.25, 0.25, 0.25, 0.25, 0.25, 0.25, 0.25, 0.25,
                                 0.25, 0.25, 0.25, 0.25, 0.25, 0.25, 0.25, 0.25,
                                 0.25, 0.25, 0.25, 0.25, 0.25, 0.25, 0.25, 0.25,
                                 0.25, 0.25, 0.25, 0.25, 0.25, 0.25, 0.25, 0.25,
                                 0.25, 0.25, 0.25, 0.25, 0.25, 0.25, 0.25, 0.25,
                                 0.25, 0.25, 0.25, 0.25, 0.25, 0.25, 0.25, 0.25,
                                 0.25, 0.25, 0.25, 0.25, 0.25, 0.25, 0.25, 0.25,
                                 0.25, 0.25, 0.25, 0.25, 0.25, 0.25, 0.25, 0.25,
                                 0.25, 0.25, 0.25, 0.25, 0.25, 0.25, 0.25, 0.25,
                                 0.25, 0.25, 0.25, 0.25, 0.25, 0.25, 0.25, 0.25,
                                 0.25, 0.25, 0.25, 0.25, 0.25, 0.25, 0.25, 0.25,
                                 0.25, 0.25, 0.25, 0.25, 0.25, 0.25, 0.25, 0.25,
                                 0.25, 0.25, 0.25, 0.25, 0.25, 0.25, 0.25, 0.25,
                                 0.25, 0.25, 0.25, 0.25, 0.25, 0.25, 0.25, 0.25,
                                 0.25, 0.25, 0.25, 0.25, 0.25, 0.25, 0.25, 0.25,
                                 0.25, 0.25, 0.25, 0.25, 0.25, 0.25, 0.25, 0.25,
                                 0.25, 0.25, 0.25, 0.25, 0.25, 0.25, 0.25, 0.25,
                                 0.25, 0.25, 0.25, 0.25, 0.25, 0.25, 0.25, 0.25,
                                 0.25, 0.25, 0.25, 0.25, 0.25, 0.25, 0.25, 0.25,
                                 0.25, 0.25, 0.25, 0.25, 0.25, 0.25, 0.25, 0.25,
                                 0.25, 0.25, 0.25, 0.25, 0.25, 0.25, 0.25, 0.25,
                                 0.25, 0.25, 0.25, 0.25, 0.25, 0.25, 0.25, 0.25,
                                 0.25, 0.25, 0.25, 0.25, 0.25, 0.25, 0.25, 0.25,
                                 0.25, 0.25, 0.25, 0.25, 0.25, 0.25, 0.25, 0.25,
                                 0.25, 0.25, 0.25, 0.25, 0.25, 0.25, 0.25, 0.25,
                                 0.25, 0.25, 0.25, 0.25, 0.25, 0.25, 0.25, 0.25,
                                 0.25, 0.25, 0.25, 0.25, 0.25, 0.25, 0.25, 0.25,
                                 0.25, 0.25, 0.25, 0.25, 0.25, 0.25, 0.25, 0.25,
                                 0.25, 0.25, 0.25, 0.25, 0.25, 0.25, 0.25, 0.25,
                                 0.25, 0.25, 0.25, 0.25, 0.25, 0.25, 0.25, 0.25,
                                 0.25, 0.25, 0.25, 0.25, 0.25, 0.25, 0.25, 0.25,
                                 0.25, 0.25, 0.25, 0.25, 0.25, 0.25, 0.25, 0.25,
                                 0.25, 0.25, 0.25, 0.25, 0.25, 0.25, 0.25, 0.25,
                                 0.25, 0.25, 0.25, 0.25, 0.25, 0.25, 0.25, 0.25,
                                 0.25, 0.25, 0.25, 0.25, 0.25, 0.25, 0.25, 0.25,
                                 0.25, 0.25, 0.25, 0.25, 0.25, 0.25, 0.25, 0.25,
                                 0.25, 0.25, 0.25, 0.25, 0.25, 0.25, 0.25, 0.25,
                                 0.25, 0.25, 0.25, 0.25, 0.25, 0.25, 0.25, 0.25,
                                 0.25, 0.25, 0.25, 0.25, 0.25, 0.25, 0.25, 0.25,
                                 0.25, 0.25, 0.25, 0.25, 0.25, 0.25, 0.25, 0.25,
                                 0.25, 0.25, 0.25, 0.25, 0.25, 0.25, 0.25, 0.25,
                                 0.25, 0.25, 0.25, 0.25, 0.25, 0.25, 0.25, 0.25,
                                 0.25, 0.25, 0.25, 0.25, 0.25, 0.25, 0.25, 0.25,
                                 0.25, 0.25, 0.25, 0.25, 0.25, 0.25, 0.25, 0.25,
                                 0.25, 0.25, 0.25, 0.25, 0.25, 0.25, 0.25, 0.25,
                                 0.25, 0.25, 0.25, 0.25, 0.25, 0.25, 0.25, 0.25,
                                 0.25, 0.25, 0.25, 0.25, 0.25, 0.25, 0.25, 0.25,
                                 0.25, 0.25, 0.25, 0.25, 0.25, 0.25, 0.25, 0.25,
                                 0.25, 0.25, 0.25, 0.25, 0.25, 0.25, 0.25, 0.25,
                                 0.25, 0.25, 0.25, 0.25, 0.25, 0.25, 0.25, 0.25,
                                 0.25, 0.25, 0.25, 0.25, 0.25, 0.25, 0.25, 0.25,
                                 0.25, 0.25, 0.25, 0.25, 0.25, 0.25, 0.25, 0.25,
                                 0.25, 0.25, 0.25, 0.25, 0.25, 0.25, 0.25, 0.25,
                                 0.25, 0.25, 0.25, 0.25, 0.25, 0.25, 0.25, 0.25,
                                 0.25, 0.25, 0.25, 0.25, 0.25, 0.25, 0.25, 0.25,
                                 0.25, 0.25, 0.25, 0.25, 0.25, 0.25, 0.25, 0.25,
                                 0.25, 0.25, 0.25, 0.25, 0.25, 0.25, 0.25, 0.25,
                                 0.25, 0.25, 0.25, 0.25, 0.25, 0.25, 0.25, 0.25,
                                 0.25, 0.25, 0.25, 0.25, 0.25, 0.25, 0.25, 0.25,
                                 0.25, 0.25, 0.25, 0.25, 0.25, 0.25, 0.25, 0.25,
                                 0.25, 0.25, 0.25, 0.25, 0.25, 0.25, 0.25, 0.25,
                                 0.25, 0.25, 0.25, 0.25, 0.25, 0.25, 0.25, 0.25,
                                 0.25, 0.25, 0.25, 0.25, 0.25, 0.25, 0.25, 0.25,
                                 0.25, 0.25, 0.25, 0.25, 0.25, 0.25, 0.25, 0.25,
                                 0.25, 0.25, 0.25, 0.25, 0.25, 0.25, 0.25, 0.25,
                                 0.25, 0.25, 0.25, 0.25, 0.25, 0.25, 0.25, 0.25,
                                 0.25, 0.25, 0.25, 0.25, 0.25, 0.25, 0.25, 0.25,
                                 0.25, 0.25, 0.25, 0.25, 0.25, 0.25, 0.25, 0.25,
                                 0.25, 0.25, 0.25, 0.25, 0.25, 0.25, 0.25, 0.25,
                                 0.25, 0.25, 0.25, 0.25, 0.25, 0.25, 0.25, 0.25,
                                 0.25, 0.25, 0.25, 0.25, 0.25, 0.25, 0.25, 0.25,
                                 0.25, 0.25, 0.25, 0.25, 0.25, 0.25, 0.25, 0.25,
                                 0.25, 0.25, 0.25, 0.25, 0.25, 0.25, 0.25, 0.25,
                                 0.25, 0.25, 0.25, 0.25, 0.25, 0.25, 0.25, 0.25,
                                 0.25, 0.25, 0.25, 0.25, 0.25, 0.25, 0.25, 0.25,
                                 0.25, 0.25, 0.25, 0.25, 0.25, 0.25, 0.25, 0.25,
                                 0.25, 0.25, 0.25, 0.25, 0.25, 0.25, 0.25, 0.25,
                                 0.25, 0.25, 0.25, 0.25, 0.25, 0.25, 0.25, 0.25,
                                 0.25, 0.25, 0.25, 0.25, 0.25, 0.25, 0.25, 0.25,
                                 0.25, 0.25, 0.25, 0.25, 0.25, 0.25, 0.25, 0.25,
                                 0.25, 0.25, 0.25, 0.25, 0.25, 0.25, 0.25, 0.25,
                                 0.25, 0.25, 0.25, 0.25, 0.25, 0.25, 0.25, 0.25,
                                 0.25, 0.25, 0.25, 0.25, 0.25, 0.25, 0.25, 0.25,
                                 0.25, 0.25, 0.25, 0.25, 0.25, 0.25, 0.25, 0.25,
                                 0.25, 0.25, 0.25, 0.25, 0.25, 0.25, 0.25, 0.25,
                                 0.25, 0.25, 0.25, 0.25, 0.25, 0.25, 0.25, 0.25,
                                 0.25, 0.25, 0.25, 0.25, 0.25, 0.25, 0.25, 0.25,
                                 0.25, 0.25, 0.25, 0.25, 0.25, 0.25, 0.25, 0.25,
                                 0.25, 0.25, 0.25, 0.25, 0.25, 0.25, 0.25, 0.25,
                                 0.25, 0.25, 0.25, 0.25, 0.25, 0.25, 0.25, 0.25,
                                 0.25, 0.25, 0.25, 0.25, 0.25, 0.25, 0.25, 0.25,
                                 0.25, 0.25, 0.25, 0.25, 0.25, 0.25, 0.25, 0.25,
                                 0.25, 0.25, 0.25, 0.25, 0.25, 0.25, 0.25, 0.25,
                                 0.25, 0.25, 0.25, 0.25, 0.25, 0.25, 0.25, 0.25,
                                 0.25, 0.25, 0.25, 0.25, 0.25, 0.25, 0.25, 0.25,
                                 0.25, 0.25, 0.25, 0.25, 0.25, 0.25, 0.25, 0.25,
                                 0.25, 0.25, 0.25, 0.25, 0.25, 0.25, 0.25, 0.25,
                                 0.25, 0.25, 0.25, 0.25, 0.25, 0.25, 0.25, 0.25,
                                 0.25, 0.25, 0.25, 0.25, 0.25, 0.25, 0.25, 0.25,
                                 0.25, 0.25, 0.25, 0.25, 0.25, 0.25, 0.25, 0.25,
                                 0.25, 0.25, 0.25, 0.25, 0.25, 0.25, 0.25, 0.25,
                                 0.25, 0.25, 0.25, 0.25, 0.25, 0.25, 0.25, 0.25,
                                 0.25, 0.25, 0.25, 0.25, 0.25, 0.25, 0.25, 0.25,
                                 0.25, 0.25, 0.25, 0.25, 0.25, 0.25, 0.25, 0.25,
                                 0.25, 0.25, 0.25, 0.25, 0.25, 0.25, 0.25, 0.25,
                                 0.25, 0.25, 0.25, 0.25, 0.25, 0.25, 0.25, 0.25,
                                 0.25, 0.25, 0.25, 0.25, 0.25, 0.25, 0.25, 0.25,
                                 0.25, 0.25, 0.25, 0.25, 0.25, 0.25, 0.25, 0.25,
                                 0.25, 0.25, 0.25, 0.25, 0.25, 