```python
import numpy as np
import scipy.optimize as opt
import time
from scipy.optimize import Bounds, minimize
from functools import partial

def run(seed=42, budget_s=600):
    np.random.seed(seed)
    
    # Start with a dense grid for better exploration
    n_points = 400
    dx = 2.0 / n_points
    
    # Precompute the initial construction from initial_h_values
    initial_h_values = np.array([0.0, 0.0, 0.0, 0.0, 0.0, 0.0, 0.0, 0.0, 0.0, 0.0, 0.0, 0.0, 0.0, 0.0, 0.0, 0.0, 0.0, 0.0, 0.0, 0.0,
                                0.0, 0.0, 0.0, 0.0, 0.0, 0.0, 0.0, 0.0, 0.0, 0.0, 0.0, 0.0, 0.0, 0.0, 0.0, 0.0, 0.0, 0.0, 0.0, 0.0,
                                0.0, 0.0, 0.0, 0.0, 0.0, 0.0, 0.0, 0.0, 0.0, 0.0, 0.0, 0.0, 0.0, 0.0, 0.0, 0.0, 0.0, 0.0, 0.0, 0.0,
                                0.0, 0.0, 0.0, 0.0, 0.0, 0.0, 0.0, 0.0, 0.0, 0.0, 0.0, 0.0, 0.0, 0.0, 0.0, 0.0, 0.0, 0.0, 0.0, 0.0,
                                0.0, 0.0, 0.0, 0.0, 0.0, 0.0, 0.0, 0.0, 0.0, 0.0, 0.0, 0.0, 0.0, 0.0, 0.0, 0.0, 0.0, 0.0, 0.0, 0.0,
                                0.0, 0.0, 0.0, 0.0, 0.0, 0.0, 0.0, 0.0, 0.0, 0.0, 0.0, 0.0, 0.0, 0.0, 0.0, 0.0, 0.0, 0.0, 0.0, 0.0,
                                0.0, 0.0, 0.0, 0.0, 0.0, 0.0, 0.0, 0.0, 0.0, 0.0, 0.0, 0.0, 0.0, 0.0, 0.0, 0.0, 0.0, 0.0, 0.0, 0.0,
                                0.0, 0.0, 0.0, 0.0, 0.0, 0.0, 0.0, 0.0, 0.0, 0.0, 0.0, 0.0, 0.0, 0.0, 0.0, 0.0, 0.0, 0.0, 0.0, 0.0,
                                0.0, 0.0, 0.0, 0.0, 0.0, 0.0, 0.0, 0.0, 0.0, 0.0, 0.0, 0.0, 0.0, 0.0, 0.0, 0.0, 0.0, 0.0, 0.0, 0.0,
                                0.0, 0.0, 0.0, 0.0, 0.0, 0.0, 0.0, 0.0, 0.0, 0.0, 0.0, 0.0, 0.0, 0.0, 0.0, 0.0, 0.0, 0.0, 0.0, 0.0,
                                0.0, 0.0, 0.0, 0.0, 0.0, 0.0, 0.0, 0.0, 0.0, 0.0, 0.0, 0.0, 0.0, 0.0, 0.0, 0.0, 0.0, 0.0, 0.0, 0.0,
                                0.0, 0.0, 0.0, 0.0, 0.0, 0.0, 0.0, 0.0, 0.0, 0.0, 0.0, 0.0, 0.0, 0.0, 0.0, 0.0, 0.0, 0.0, 0.0, 0.0,
                                0.0, 0.0, 0.0, 0.0, 0.0, 0.0, 0.0, 0.0, 0.0, 0.0, 0.0, 0.0, 0.0, 0.0, 0.0, 0.0, 0.0, 0.0, 0.0, 0.0,
                                0.0, 0.0, 0.0, 0.0, 0.0, 0.0, 0.0, 0.0, 0.0, 0.0, 0.0, 0.0, 0.0, 0.0, 0.0, 0.0, 0.0, 0.0, 0.0, 0.0,
                                0.0, 0.0, 0.0, 0.0, 0.0, 0.0, 0.0, 0.0, 0.0, 0.0, 0.0, 0.0, 0.0, 0.0, 0.0, 0.0, 0.0, 0.0, 0.0, 0.0,
                                0.0, 0.0, 0.0, 0.0, 0.0, 0.0, 0.0, 0.0, 0.0, 0.0, 0.0, 0.0, 0.0, 0.0, 0.0, 0.0, 0.0, 0.0, 0.0, 0.0,
                                0.0, 0.0, 0.0, 0.0, 0.0, 0.0, 0.0, 0.0, 0.0, 0.0, 0.0, 0.0, 0.0, 0.0, 0.0, 0.0, 0.0, 0.0, 0.0, 0.0,
                                0.0, 0.0, 0.0, 0.0, 0.0, 0.0, 0.0, 0.0, 0.0, 0.0, 0.0, 0.0, 0.0, 0.0, 0.0, 0.0, 0.0, 0.0, 0.0, 0.0,
                                0.0, 0.0, 0.0, 0.0, 0.0, 0.0, 0.0, 0.0, 0.0, 0.0, 0.0, 0.0, 0.0, 0.0, 0.0, 0.0, 0.0, 0.0, 0.0, 0.0,
                                0.0, 0.0, 0.0, 0.0, 0.0, 0.0, 0.0, 0.0, 0.0, 0.0, 0.0, 0.0, 0.0, 0.0, 0.0, 0.0, 0.0, 0.0, 0.0, 0.0,
                                0.0, 0.0, 0.0, 0.0, 0.0, 0.0, 0.0, 0.0, 0.0, 0.0, 0.0, 0.0, 0.0, 0.0, 0.0, 0.0, 0.0, 0.0, 0.0, 0.0,
                                0.0, 0.0, 0.0, 0.0, 0.0, 0.0, 0.0, 0.0, 0.0, 0.0, 0.0, 0.0, 0.0, 0.0, 0.0, 0.0, 0.0, 0.0, 0.0, 0.0,
                                0.0, 0.0, 0.0, 0.0, 0.0, 0.0, 0.0, 0.0, 0.0, 0.0, 0.0, 0.0, 0.0, 0.0, 0.0, 0.0, 0.0, 0.0, 0.0, 0.0,
                                0.0, 0.0, 0.0, 0.0, 0.0, 0.0, 0.0, 0.0, 0.0, 0.0, 0.0, 0.0, 0.0, 0.0, 0.0, 0.0, 0.0, 0.0, 0.0, 0.0,
                                0.0, 0.0, 0.0, 0.0, 0.0, 0.0, 0.0, 0.0, 0.0, 0.0, 0.0, 0.0, 0.0, 0.0, 0.0, 0.0, 0.0, 0.0, 0.0, 0.0,
                                0.0, 0.0, 0.0, 0.0, 0.0, 0.0, 0.0, 0.0, 0.0, 0.0, 0.0, 0.0, 0.0, 0.0, 0.0, 0.0, 0.0, 0.0, 0.0, 0.0,
                                0.0, 0.0, 0.0, 0.0, 0.0, 0.0, 0.0, 0.0, 0.0, 0.0, 0.0, 0.0, 0.0, 0.0, 0.0, 0.0, 0.0, 0.0, 0.0, 0.0,
                                0.0, 0.0, 0.0, 0.0, 0.0, 0.0, 0.0, 0.0, 0.0, 0.0, 0.0, 0.0, 0.0, 0.0, 0.0, 0.0, 0.0, 0.0, 0.0, 0.0,
                                0.0, 0.0, 0.0, 0.0, 0.0, 0.0, 0.0, 0.0, 0.0, 0.0, 0.0, 0.0, 0.0, 0.0, 0.0, 0.0, 0.0, 0.0, 0.0, 0.0,
                                0.0, 0.0, 0.0, 0.0, 0.0, 0.0, 0.0, 0.0, 0.0, 0.0, 0.0, 0.0, 0.0, 0.0, 0.0, 0.0, 0.0, 0.0, 0.0, 0.0,
                                0.0, 0.0, 0.0, 0.0, 0.0, 0.0, 0.0, 0.0, 0.0, 0.0, 0.0, 0.0, 0.0, 0.0, 0.0, 0.0, 0.0, 0.0, 0.0, 0.0,
                                0.0, 0.0, 0.0, 0.0, 0.0, 0.0, 0.0, 0.0, 0.0, 0.0, 0.0, 0.0, 0.0, 0.0, 0.0, 0.0, 0.0, 0.0, 0.0, 0.0,
                                0.0, 0.0, 0.0, 0.0, 0.0, 0.0, 0.0, 0.0, 0.0, 0.0, 0.0, 0.0, 0.0, 0.0, 0.0, 0.0, 0.0, 0.0, 0.0, 0.0,
                                0.0, 0.0, 0.0, 0.0, 0.0, 0.0, 0.0, 0.0, 0.0, 0.0, 0.0, 0.0, 0.0, 0.0, 0.0, 0.0, 0.0, 0.0, 0.0, 0.0,
                                0.0, 0.0, 0.0, 0.0, 0.0, 0.0, 0.0, 0.0, 0.0, 0.0, 0.0, 0.0, 0.0, 0.0, 0.0, 0.0, 0.0, 0.0, 0.0, 0.0,
                                0.0, 0.0, 0.0, 0.0, 0.0, 0.0, 0.0, 0.0, 0.0, 0.0, 0.0, 0.0, 0.0, 0.0, 0.0, 0.0, 0.0, 0.0, 0.0, 0.0,
                                0.0, 0.0, 0.0, 0.0, 0.0, 0.0, 0.0, 0.0, 0.0, 0.0, 0.0, 0.0, 0.0, 0.0, 0.0, 0.0, 0.0, 0.0, 0.0, 0.0,
                                0.0, 0.0, 0.0, 0.0, 0.0, 0.0, 0.0, 0.0, 0.0, 0.0, 0.0, 0.0, 0.0, 0.0, 0.0, 0.0, 0.0, 0.0, 0.0, 0.0,
                                0.0, 0.0, 0.0, 0.0, 0.0, 0.0, 0.0, 0.0, 0.0, 0.0, 0.0, 0.0, 0.0, 0.0, 0.0, 0.0, 0.0, 0.0, 0.0, 0.0,
                                0.0, 0.0, 0.0, 0.0, 0.0, 0.0, 0.0, 0.0, 0.0, 0.0, 0.0, 0.0, 0.0, 0.0, 0.0, 0.0, 0.0, 0.0, 0.0, 0.0,
                                0.0, 0.0, 0.0, 0.0, 0.0, 0.0, 0.0, 0.0, 0.0, 0.0, 0.0, 0.0, 0.0, 0.0, 0.0, 0.0, 0.0, 0.0, 0.0, 0.0,
                                0.0, 0.0, 0.0, 0.0, 0.0, 0.0, 0.0, 0.0, 0.0, 0.0, 0.0, 0.0, 0.0, 0.0, 0.0, 0.0, 0.0, 0.0, 0.0, 0.0,
                                0.0, 0.0, 0.0, 0.0, 0.0, 0.0, 0.0, 0.0, 0.0, 0.0, 0.0, 0.0, 0.0, 0.0, 0.0, 0.0, 0.0, 0.0, 0.0, 0.0,
                                0.0, 0.0, 0.0, 0.0, 0.0, 0.0, 0.0, 0.0, 0.0, 0.0, 0.0, 0.0, 0.0, 0.0, 0.0, 0.0, 0.0, 0.0, 0.0, 0.0,
                                0.0, 0.0, 0.0, 0.0, 0.0, 0.0, 0.0, 0.0, 0.0, 0.0, 0.0, 0.0, 0.0, 0.0, 0.0, 0.0, 0.0, 0.0, 0.0, 0.0,
                                0.0, 0.0, 0.0, 0.0, 0.0, 0.0, 0.0, 0.0, 0.0, 0.0, 0.0, 0.0, 0.0, 0.0, 0.0, 0.0, 0.0, 0.0, 0.0, 0.0,
                                0.0, 0.0, 0.0, 0.0, 0.0, 0.0, 0.0, 0.0, 0.0, 0.0, 0.0, 0.0, 0.0, 0.0, 0.0, 0.0, 0.0, 0.0, 0.0, 0.0,
                                0.0, 0.0, 0.0, 0.0, 0.0, 0.0, 0.0, 0.0, 0.0, 0.0, 0.0, 0.0, 0.0, 0.0, 0.0, 0.0, 0.0, 0.0, 0.0, 0.0,
                                0.0, 0.0, 0.0, 0.0, 0.0, 0.0, 0.0, 0.0, 0.0, 0.0, 0.0, 0.0, 0.0, 0.0, 0.0, 0.0, 0.0, 0.0, 0.0, 0.0,
                                0.0, 0.0, 0.0, 0.0, 0.0, 0.0, 0.0, 0.0, 0.0, 0.0, 0.0, 0.0, 0.0, 0.0, 0.0, 0.0, 0.0, 0.0, 0.0, 0.0,
                                0.0, 0.0, 0.0, 0.0, 0.0, 0.0, 0.0, 0.0, 0.0, 0.0, 0.0, 0.0, 0.0, 0.0, 0.0, 0.0, 0.0, 0.0, 0.0, 0.0,
                                0.0, 0.0, 0.0, 0.0, 0.0, 0.0, 0.0, 0.0, 0.0, 0.0, 0.0, 0.0, 0.0, 0.0, 0.0, 0.0, 0.0, 0.0, 0.0, 0.0,
                                0.0, 0.0, 0.0, 0.0, 0.0, 0.0, 0.0, 0.0, 0.0, 0.0, 0.0, 0.0, 0.0, 0.0, 0.0, 0.0, 0.0, 0.0, 0.0, 0.0,
                                0.0, 0.0, 0.0, 0.0, 0.0, 0.0, 0.0, 0.0, 0.0, 0.0, 0.0, 0.0, 0.0, 0.0, 0.0, 0.0, 0.0, 0.0, 0.0, 0.0,
                                0.0, 0.0, 0.0, 0.0, 0.0, 0.0, 0.0, 0.0, 0.0, 0.0, 0.0, 0.0, 0.0, 0.0, 0.0, 0.0, 0.0, 0.0, 0.0, 0.0,
                                0.0, 0.0, 0.0, 0.0, 0.0, 0.0, 0.0, 0.0, 0.0, 0.0, 0.0, 0.0, 0.0, 0.0, 0.0, 0.0, 0.0, 0.0, 0.0, 0.0,
                                0.0, 0.0, 0.0, 0.0, 0.0, 0.0, 0.0, 0.0, 0.0, 0.0, 0.0, 0.0, 0.0, 0.0, 0.0, 0.0, 0.0, 0.0, 0.0, 0.0,
                                0.0, 0.0, 0.0, 0.0, 0.0, 0.0, 0.0, 0.0, 0.0, 0.0, 0.0, 0.0, 0.0, 0.0, 0.0, 0.0, 0.0, 0.0, 0.0, 0.0,
                                0.0, 0.0, 0.0, 0.0, 0.0, 0.0, 0.0, 0.0, 0.0, 0.0, 0.0, 0.0, 0.0, 0.0, 0.0, 0.0, 0.0, 0.0, 0.0, 0.0,
                                0.0, 0.0, 0.0, 0.0, 0.0, 0.0, 0.0, 0.0, 0.0, 0.0, 0.0, 0.0, 0.0, 0.0, 0.0, 0.0, 0.0, 0.0, 0.0, 0.0,
                                0.0, 0.0, 0.0, 0.0, 0.0, 0.0, 0.0, 0.0, 0.0, 0.0, 0.0, 0.0, 0.0, 0.0, 0.0, 0.0, 0.0, 0.0, 0.0, 0.0,
                                0.0, 0.0, 0.0, 0.0, 0.0, 0.0, 0.0, 0.0, 0.0, 0.0, 0.0, 0.0, 0.0, 0.0, 0.0, 0.0, 0.0, 0.0, 0.0, 0.0,
                                0.0, 0.0, 0.0, 0.0, 0.0, 0.0, 0.0, 0.0, 0.0, 0.0, 0.0, 0.0, 0.0, 0.0, 0.0, 0.0, 0.0, 0.0, 0.0, 0.0,
                                0.0, 0.0, 0.0, 0.0, 0.0, 0.0, 0.0, 0.0, 0.0, 0.0, 0.0, 0.0, 0.0, 0.0, 0.0, 0.0, 0.0, 0.0, 0.0, 0.0,
                                0.0, 0.0, 0.0, 0.0, 0.0, 0.0, 0.0, 0.0, 0.0, 0.0, 0.0, 0.0, 0.0, 0.0, 0.0, 0.0, 0.0, 0.0, 0.0, 0.0,
                                0.0, 0.0, 0.0, 0.0, 0.0, 0.0, 0.0, 0.0, 0.0, 0.0, 0.0, 0.0, 0.0, 0.0, 0.0, 0.0, 0.0, 0.0, 0.0, 0.0,
                                0.0, 0.0, 0.0, 0.0, 0.0, 0.0, 0.0, 0.0, 0.0, 0.0, 0.0, 0.0, 0.0, 0.0, 0.0, 0.0, 0.0, 0.0, 0.0, 0.0,
                                0.0, 0.0, 0.0, 0.0, 0.0, 0.0, 0.0, 0.0, 0.0, 0.0, 0.0, 0.0, 0.0, 0.0, 0.0, 0.0, 0.0, 0.0, 0.0, 0.0,
                                0.0, 0.0, 0.0, 0.0, 0.0, 0.0, 0.0, 0.0, 0.0, 0.0, 0.0, 0.0, 0.0, 0.0, 0.0, 0.0, 0.0, 0.0, 0.0, 0.0,
                                0.0, 0.0, 0.0, 0.0, 0.0, 0.0, 0.0, 0.0, 0.0, 0.0, 0.0, 0.0, 0.0, 0.0, 0.0, 0.0, 0.0, 0.0, 0.0, 0.0,
                                0.0, 0.0, 0.0, 0.0, 0.0, 0.0, 0.0, 0.0, 0.0, 0.0, 0.0, 0.0, 0.0, 0.0, 0.0, 0.0, 0.0, 0.0, 0.0, 0.0,
                                0.0, 0.0, 0.0, 0.0, 0.0, 0.0, 0.0, 0.0, 0.0, 0.0, 0.0, 0.0, 0.0, 0.0, 0.0, 0.0, 0.0, 0.0, 0.0, 0.0,
                                0.0, 0.0, 0.0, 0.0, 0.0, 0.0, 0.0, 0.0, 0.0, 0.0, 0.0, 0.0, 0.0, 0.0, 0.0, 0.0, 0.0, 0.0, 0.0, 0.0,
                                0.0, 0.0, 0.0, 0.0, 0.0, 0.0, 0.0, 0.0, 0.0, 0.0, 0.0, 0.0, 0.0, 0.0, 0.0, 0.0, 0.0, 0.0, 0.0, 0.0,
                                0.0, 0.0, 0.0, 0.0, 0.0, 0.0, 0.0, 0.0, 0.0, 0.0, 0.0, 0.0, 0.0, 0.0, 0.0, 0.0, 0.0, 0.0, 0.0, 0.0,
                                0.0, 0.0, 0.0, 0.0, 0.0, 0.0, 0.0, 0.0, 0.0, 0.0, 0.0, 0.0, 0.0, 0.0, 0.0, 0.0, 0.0, 0.0, 0.0, 0.0,
                                0.0, 0.0, 0.0, 0.0, 0.0, 0.0, 0.0, 0.0, 0.0, 0.0, 0.0, 0.0, 0.0, 0.0, 0.0, 0.0, 0.0, 0.0, 0.0, 0.0,
                                0.0, 0.0, 0.0, 0.0, 0.0, 0.0, 0.0, 0.0, 0.0, 0.0, 0.0, 0.0, 0.0, 0.0, 0.0, 0.0, 0.0, 0.0, 0.0, 0.0,
                                0.0, 0.0, 0.0, 0.0, 0.0, 0.0, 0.0, 0.0, 0.0, 0.0, 0.0, 0.0, 0.0, 0.0, 0.0, 0.0, 0.0, 0.0, 0.0, 0.0,
                                0.0, 0.0, 0.0, 0.0, 0.0, 0.0, 0.0, 0.0, 0.0, 0.0, 0.0, 0.0, 0.0, 0.0, 0.0, 0.0, 0.0, 0.0, 0.0, 0.0,
                                0.0, 0.0, 0.0, 0.0, 0.0, 0.0, 0.0, 0.0, 0.0, 0.0, 0.0, 0.0, 0.0, 0.0, 0.0, 0.0, 0.0, 0.0, 0.0, 0.0,
                                0.0, 0.0, 0.0, 0.0, 0.0, 0.0, 0.0, 0.0, 0.0, 0.0, 0.0, 0.0, 0.0, 0.0, 0.0, 0.0, 0.0, 0.0, 0.0, 0.0,
                                0.0, 0.0, 0.0, 0.0, 0.0, 0.0, 0.0, 0.0, 0.0, 0.0, 0.0, 0.0, 0.0, 0.0, 0.0, 0.0, 0.0, 0.0, 0.0, 0.0,
                                0.0, 0.0, 0.0, 0.0, 0.0, 0.0, 0.0, 0.0, 0.0, 0.0, 0.0, 0.0, 0.0, 0.0, 0.0, 0.0, 0.0, 0.0, 0.0, 0.0,
                                0.0, 0.0, 0.0, 0.0, 0.0, 0.0, 0.0, 0.0, 0.0, 0.0, 0.0, 0.0, 0.0, 0.0, 0.0, 0.0, 0.0, 0.0, 0.0, 0.0,
                                0.0, 0.0, 0.0, 0.0, 0.0, 0.0, 0.0, 0.0, 0.0, 0.0, 0.0, 0.0, 0.0, 0.0, 0.0, 0.0, 0.0, 0.0, 0.0, 0.0,
                                0.0, 0.0, 0.0, 0.0, 0.0, 0.0, 0.0, 0.0, 0.0, 0.0, 0.0, 0.0, 0.0, 0.0, 0.0, 0.0, 0.0, 0.0, 0.0, 0.0,
                                0.0, 0.0, 0.0, 0.0, 0.0, 0.0, 0.0, 0.0, 0.0, 0.0, 0.0, 0.0, 0.0, 0.0, 0.0, 0.0, 0.0, 0.0, 0.0, 0.0,
                                0.0, 0.0, 0.0, 0.0, 0.0, 0.0, 0.0, 0.0, 0.0, 0.0, 0.0, 0.0, 0.0, 0.0, 0.0, 0.0, 0.0, 0.0, 0.0, 0.0,
                                0.0, 0.0, 0.0, 0.0, 0.0, 0.0, 0.0, 0.0, 0.0, 0.0, 0.0, 0.0, 0.0, 0.0, 0.0, 0.0, 0.0, 0.0, 0.0, 0.0,
                                0.0, 0.0, 0.0, 0.0, 0.0, 0.0, 0.0, 0.0, 0.0, 0.0, 0.0, 0.0, 0.0, 0.0, 0.0, 0.0, 0.0, 0.0, 0.0, 0.0,
                                0.0, 0.0, 0.0, 0.0, 0.0, 0.0, 0.0, 0.0, 0.0, 0.0, 0.0, 0.0, 0.0, 0.0, 0.0, 0.0, 0.0, 0.0, 0.0, 0.0,
                                0.0, 0.0, 0.0, 0.0, 0.0, 0.0, 0.0, 0.0, 0.0, 0.0, 0.0, 0.0, 0.0, 0.0, 0.0, 0.0, 0.0, 0.0, 0.0, 0.0,
                                0.0, 0.0, 0.0, 0.0, 0.0, 0.0, 0.0, 0.0, 0.0, 0.0, 0.0, 0.0, 0.0, 0.0, 0.0, 0.0, 0.0, 0.0, 0.0, 0.0,
                                0.0, 0.0, 0.0, 0.0, 0.0, 0.0, 0.0, 0.0, 0.0, 0.0, 0.0, 0.0, 0.0, 0.0, 0.0, 0.0, 0.0, 0.0, 0.0, 0.0,
                                0.0, 0.0, 0.0, 0.0, 0.0, 0.0, 0.0, 0.0, 0.0, 0.0, 0.0, 0.0, 0.0, 0.0, 0.0, 0.0, 0.0, 0.0, 0.0, 0.0,
                                0.0, 0.0, 0.0, 0.0, 0.0, 0.0, 0.0, 0.0, 0.0, 0.0, 0.0, 0.0, 0.0, 0.0, 0.0, 0.0, 0.0, 0.0, 0.0, 0.0,
                                0.0, 0.0, 0.0, 0.0, 0.0, 0.0, 0.0, 0.0, 0.0, 0.0, 0.0, 0.0, 0.0, 0.0, 0.0, 0.0, 0.0, 0.0, 0.0, 0.0,
                                0.0, 0.0, 0.0, 0.0, 0.0, 0.0, 0.0, 0.0, 0.0, 0.0, 0.0, 0.0, 0.0, 0.0, 0.0, 0.0, 0.0, 0.0, 0.0, 0.0,
                                0.0, 0.0, 0.0, 0.0, 0.0, 0.0, 0.0, 0.0, 0.0, 0.0, 0.0, 0.0, 0.0, 0.0, 0.0, 0.0, 0.0, 0.0, 0.0, 0.0,
                                0.0, 0.0, 0.0, 0.0, 0.0, 0.0, 0.0, 0.0, 0.0, 0.0, 0.0, 0.0, 0.0, 0.0, 0.0, 0.0, 0.0, 0.0, 0.0, 0.0,
                                0.0, 0.0, 0.0, 0.0, 0.0, 0.0, 0.0, 0.0, 0.0, 0.0, 0.0, 0.0, 0.0, 0.0, 0.0, 0.0, 0.0, 0.0, 0.0, 0.0,
                                0.0, 0.0, 0.0, 0.0, 0.0, 0.0, 0.0, 0.0, 0.0, 0.0, 0.0, 0.0, 0.0, 0.0, 0.0, 0.0, 0.0, 0.0, 0.0, 0.0,
                                0.0, 0.0, 0.0, 0.0, 0.0, 0.0, 0.0, 0.0, 0.0, 0.0, 0.0, 0.0, 0.0, 0.0, 0.0, 0.0, 0.0, 0.0, 0.0, 0.0,
                                0.0, 0.0, 0.0, 0.0, 0.0, 0.0, 0.0, 0.0, 0.0, 0.0, 0.0, 0.0, 0.0, 0.0, 0.0, 0.0, 0.0, 0.0, 0.0, 0.0,
                                0.0, 0.0, 0.0, 0.0, 0.0, 0.0, 0.0, 0.0, 0.0, 0.0, 0.0, 0.0, 0.0, 0.0, 0.0, 0.0, 0.0, 0.0, 0.0, 0.0,
                                0.0, 0.0, 0.0, 0.0, 0.0, 0.0, 0.0, 0.0, 0.0, 0.0, 0.0, 0.0, 0.0, 0.0, 0.0, 0.0, 0.0, 0.0, 0.0, 0.0,
                                0.0, 0.0, 0.0, 0.0, 0.0, 0.0, 0.0, 0.0, 0.0, 0.0, 0.0, 0.0, 0.0, 0.0, 0.0, 0.0, 0.0, 0.0, 0.0, 0.0,
                                0.0, 0.0, 0.0, 0.0, 0.0, 0.0, 0.0, 0.0, 0.0, 0.0, 0.0, 0.0, 0.0, 0.0, 0.0, 0.0, 0.0, 0.0, 0.0, 0.0,
                                0.0, 0.0, 0.0, 0.0, 0.0, 0.0, 0.0, 0.0, 0.0, 0.0, 0.0, 0.0, 0.0, 0.0, 0.0, 0.0, 0.0, 0.0, 0.0, 0.0,
                                0.0, 0.0, 0.0, 0.0, 0.0, 0.0, 0.0, 0.0, 0.0, 0.0, 0.0, 0.0, 0.0, 0.0, 0.0, 0.0, 0.0, 0.0, 0.0, 0.0,
                                0.0, 0.0, 0.0, 0.0, 0.0, 0.0, 0.0, 0.0, 0.0, 0.0, 0.0, 0.0, 0.0, 0.0, 0.0, 0.0, 0.0, 0.0, 0.0, 0.0,
                                0.0, 0.0, 0.0, 0.0, 0.0, 0.0, 0.0, 0.0, 0.0, 0.0, 0.0, 0.0, 0.0, 0.0, 0.0, 0.0, 0.0, 0.0, 0.0, 0.0,
                                0.0, 0.0, 0.0, 0.0, 0.0, 0.0, 0.0, 0.0, 0.0, 0.0, 0.0, 0.0, 0.0, 0.0, 0.0, 0.0, 0.0, 0.0, 0.0, 0.0,
                                0.0, 0.0, 0.0, 0.0, 0.0, 0.0, 0.0, 0.0, 0.0, 0.0, 0.0, 0.0, 0.0, 0.0, 0.0, 0.0, 0.0, 0.0, 0.0, 0.0,
                                0.0, 0.0, 0.0, 0.0, 0.0, 0.0, 0.0, 0.0, 0.0, 0.0, 0.0, 0.0, 0.0, 0.0, 0.0, 0.0, 0.0, 0.0, 0.0, 0.0,
                                0.0, 0.0, 0.0, 0.0, 0.0, 0.0, 0.0, 0.0, 0.0, 0.0, 0.0, 0.0, 0.0, 0.0, 0.0, 0.0, 0.0, 0.0, 0.0, 0.0,
                                0.0, 0.0, 0.0, 0.0, 0.0, 0.0, 0.0, 0.0, 0.0, 0.0, 0.0, 0.0, 0.0, 0.0, 0.0, 0.0, 0.0, 0.0, 0.0, 0.0,
                                0.0, 0.0, 0.0, 0.0, 0.0, 0.0, 0.0, 0.0, 0.0, 0.0, 0.0, 0.0, 0.0, 0.0, 0.0, 0.0, 0.0, 0.0, 0.0, 0.0,
                                0.0, 0.0, 0.0, 0.0, 0.0, 0.0, 0.0, 0.0, 0.0, 0.0, 0.0, 0.0, 0.0, 0.0, 0.0, 0.0, 0.0, 0.0, 0.0, 0.0,
                                0.0, 0.0, 0.0, 0.0, 0.0, 0.0, 0.0, 0.0, 0.0, 0.0, 0.0, 0.0, 0.0, 0.0, 0.0, 0.0, 0.0, 0.0, 0.0, 0.0,
                                0.0, 0.0, 0.0, 0.0, 0.0, 0.0, 0.0, 0.0, 0.0, 0.0, 0.0, 0.0, 0.0, 0.0, 0.0, 0.0, 0.0, 0.0, 0.0, 0.0,
                                0.0, 0.0, 0.0, 0.0, 0.0, 0.0, 0.0, 0.0, 0.0, 0.0, 0.0, 0.0, 0.0, 0.0, 0.0, 0.0, 0.0, 0.0, 0.0, 0.0,
                                0.0, 0.0, 0.0, 0.0, 0.0, 0.0, 0.0, 0.0, 0.0, 0.0, 0.0, 0.0, 0.0, 0.0, 0.0, 0.0, 0.0, 0.0, 0.0, 0.0,
                                0.0, 0.0, 0.0, 0.0, 0.0, 0.0, 0.0, 0.0, 0.0, 0.0, 0.0, 0.0, 0.0, 0.0, 0.0, 0.0, 0.0, 0.0, 0.0, 0.0,
                                0.0, 0.0, 0.0, 0.0, 0.0, 0.0, 0.0, 0.0, 0.0, 0.0, 0.0, 0.0, 0.0, 0.0, 0.0, 0.0, 0.0, 0.0, 0.0, 0.0,
                                0.0, 0.0, 0.0, 0.0, 0.0, 0.0, 0.0, 0.0, 0.0, 0.0, 0.0, 0.0, 0.0, 0.0, 0.0, 0.0, 0.0, 0.0, 0.0, 0.0,
                                0.0, 0.0, 0.0, 0.0, 0.0, 0.0, 0.0, 0.0, 0.0, 0.0, 0.0, 0.0, 0.0, 0.0, 0.0, 0.0, 0.0, 0.0, 0.0, 0.0,
                                0.0, 0.0, 0.0, 0.0, 0.0, 0.0, 0.0, 0.0, 0.0, 0.0, 0.0, 0.0, 0.0, 0.0, 0.0, 0.0, 0.0, 0.0, 0.0, 0.0,
                                0.0, 0.0, 0.0, 0.0, 0.0, 0.0, 0.0, 0.0, 0.0, 0.0, 0.0, 0.0, 0.0, 0.0,  0.286,  0.362,  0.473,  0.535,
                                0.535,  0.473,  0.362,  0.286,  0.286,  0.362,  0.473,  0.535,  0.535,  0.473,  0.362,  0.286,  0.286,
                                0.362,  0.473,  0.535,  0.535,  0.473,  0.362,  0.286,  0.286,  0.362,  0.473,  0.535,  0.535,  0.473,
                                0.362,  0.286,  0.286,  0.362,  0.473,  0.535,  0.535,  0.473,  0.362,  0.286,  0.286,  0.362,  0.473,
                                0.535,  0.535,  0.473,  0.362,  0.286,  0.286,  0.362,  0.473,  0.535,  0.535,  0.473,  0.362,  0.286,
                                0.286,  0.362,  0.473,  0.535,  0.535,  0.473,  0.362,  0.286,  0.286,  0.362,  0.473,  0.535,  0.535,
                                0.473,  0.362,  0.286,  0.286,  0.362,  0.473,  0.535,  0.535,  0.473,  0.362,  0.286,  0.286,  0.362,
                                0.473,  0.535,  0.535,  0.473,  0.362,  0.286,  0.286,  0.362,  0.473,  0.535,  0.535,  0.473,  0.362,
                                0.286,  0.286,  0.362,  0.473,  0.535,  0.535,  0.473,  0.362,  0.286,  0.286,  0.362,  0.473,  0.535,
                                0.535,  0.473,  0.362,  0.286,  0.286,  0.362,  0.473,  0.535,  0.535,  0.473,  0.362,  0.286,  0.286,
                                0.362,  0.473,  0.535,  0.535,  0.473,  0.362,  0.286,  0.286,  0.362,  0.473,  0.535,  0.535,  0.473,
                                0.362,  0.286,  0.286,  0.362,  0.473,  0.535,  0.535,  0.473,  0.362,  0.286,  0.286,  0.362,  0.473,
                                0.535,  0.535,  0.473,  0.362,  0.286,  0.286,  0.362,  0.473,  0.535,  0.535,  0.473,  0.362,  0.286,
                                0.286,  0.362,  0.473,  0.535,  0.535,  0.473,  0.362,  0.286,  0.286,  0.362,  0.473,  0.535,  0.535,
                                0.473,  0.362,  0.286,  0.286,  0.362,  0.473,  0.535,  0.535,  0.473,  0.362,  0.286,  0.286,  0.362,
                                0.473,  0.535,  0.535,  0.473,  0.362,  0.286,  0.286,  0.362,  0.473,  0.535,  0.535,  0.473,  0.362,
                                0.286,  0.286,  0.362,  0.473,  0.535,  0.535,  0.473,  0.362,  0.286,  0.286,  0.362,  0.473,  0.535,
                                0.535,  0.473,  0.362,  0.286,  0.286,  0.362,  0.473,  0.535,  0.535,  0.473,  0.362,  0.286,  0.286,
                                0.362,  0.473,  0.535,  0.535,  0.473,  0.362,  0.286,  0.286,  0.362,  0.473,  0.535,  0.535,  0.473,
                                0.362,  0.286,  0.286,  0.362,  0.473,  0.535,  0.535,  0.473,  0.362,  0.286,  0.286,  0.362,  0.473,
                                0.535,  0.535,  0.473,  0.362,  0.286,  0.286,  0.362,  0.473,  0.535,  0.535,  0.473,  0.362,  0.286,
                                0.286,  0.362,  0.473,  0.535,  0.535,  0.473,  0.362,  0.286,  0.286,  0.362,  0.473,  0.535,  0.535,
                                0.473,  0.362,  0.286,  0.286,  0.362,  0.473,  0.535,  0.535,  0.473,  0.362,  0.286,  0.286,  0.362,
                                0.473,  0.535,  0.535,  0.473,  0.362,  0.286,  0.286,  0.362,  0.473,  0.535,  0.535,  0.473,  0.362,
                                0.286,  0.286,  0.362,  0.473,  0.535,  0.535,  0.473,  0.362,  0.286,  0.286,  0.362,  0.473,  0.535,
                                0.535,  0.473,  0.362,  0.286,  0.286,  0.362,  0.473,  0.535,  0.535,  0.473,  0.362,  0.286,  0.286,
                                0.362,  0.473,  0.535,  0.535,  0.473,  0.362,  0.286,  0.286,  0.362,  0.473,  0.535,  0.535,  0.473,
                                0.362,  0.286,  0.286,  0.362,  0.473,  0.535,  0.535,  0.473,  0.362,  0.286,  0.286,  0.362,  0.473,
                                0.535,  0.535,  0.473,  0.362,  0.286,  0.286,  0.362,  0.473,  0.535,  0.535,  0.473,  0.362,  0.286,
                                0.286,  0.362,  0.473,  0.535,  0.535,  0.473,  0.362,  0.286,  0.286,  0.362,  0.473,  0.535,  0.535,
                                0.473,  0.362,  0.286,  0.286,  0.362,  0.473,  0.535,  0.535,  0.473,  0.362,  0.286,  0.286,  0.362,
                                0.473,  0.535,  0.535,  0.473,  0.362,  0.286,  0.286,  0.362,  0.473,  0.535,  0.535,  0.473,  0.362,
                                0.286,  0.286,  0.362,  0.473,  0.535,  0.535,  0.473,  0.362,  0.286,  0.286,  0.362,  0.473,  0.535,
                                0.535,  0.473,  0.362,  0.286,  0.286,  0.362,  0.473,  0.535,  0.535,  0.473,  0.362,  0.286,  0.286,
                                0.362,  0.473,  0.535,  0.535,  0.473,  0.362,  0.286,  0.286,  0.362,  0.473,  0.535,  0.535,  0.473,
                                0.362,  0.286,  0.286,  0.362,  0.473,  0.535,  0.535,  0.473,  0.362,  0.286,  0.286,  0.362,  0.473,
                                0.535,  0.535,  0.473,  0.362,  0.286,  0.286,  0.362,  0.473,  0.535,  0.535,  0.473,  0.362,  0.286,
                                0.286,  0.362,  0.473,  0.535,  0.535,  0.473,  0.362,  0.286,  0.286,  0.362,  0.473,  0.535,  0.535,
                                0.473,  0.362,  0.286,  0.286,  0.362,  0.473,  0.535,  0.535,  0.473,  0.362,  0.286,  0.286,  0.362,
                                0.473,  0.535,  0.535,  0.473,  0.362,  0.286,  0.286,  0.362,  0.473,  0.535,  0.535,  0.473,  0.362,
                                0.286,  0.286,  0.362,  0.473,  0.535,  0.535,  0.473,  0.362,  0.286,  0.286,  0.362,  0.473,  0.535,
                                0.535,  0.473,  0.362,  0.286,  0.286,  0.362,  0.473,  0.535,  0.535,  0.473,  0.362,  0.286,  0.286,
                                0.362,  0.473,  0.535,  0.535,  0.473,  0.362,  0.286,  0.286,  0.362,  0.473,  0.535,  0.535,  0.473,
                                0.362,  0.286,  0.286,  0.362,  0.473,  0.535,  0.535,  0.473,  0.362,  0.286,  0.286,  0.362,  0.473,
                                0.535,  0.535,  0.473,  0.362,  0.286,  0.286,  0.362,  0.473,  0.535,  0.535,  0.473,  0.362,  0.286,
                                0.286,  0.362,  0.473,  0.535,  0.535,  0.473,  0.362,  0.286,  0.286,  0.362,  0.473,  0.535,  0.535,
                                0.473,  0.362,  0.286,  0.286,  0.362,  0.473,  0.535,  0.535,  0.473,  0.362,  0.286,  0.286,  0.362,
                                0.473,  0.535,  0.535,  0.473,  0.362,  0.286,  0.286,  0.362,  0.473,  0.535,  0.535,  0.473,  0.362,
                                0.286,  0.286,  0.362,  0.473,  0.535,  0.535,  0.473,  0.362,  0.286,  0.286,  0.362,  0.473,  0.535,
                                0.535,  0.473,  0.362,  0.286,  0.286,  0.362,  0.473,  0.535,  0.535,  0.473,  0.362,  0.286,  0.286,
                                0.362,  0.473,  0.535,  0.535,  0.473,  0.362,  0.286,  0.286,  0.362,  0.473,  0.535,  0.535,  0.473,
                                0.362,  0.286,  0.286,  0.362,  0.473,  0.535,  0.535,  0.473,  0.362,  0.286,  0.286,  0.362,  0.473,
                                0.535,  0.535,  0.473,  0.362,  0.286,  0.286,  0.362,  0.473,  0.535,  0.535,  0.473,  0.362,  0.286,
                                0.286,  0.362,  0.473,  0.535,  0.535,  0.473,  0.362,  0.286,  0.286,  0.362,  0.473,  0.535,  0.535,
                                0.473,  0.362,  0.286,  0.286,  0.362,  0.473,  0.535,  0.535,  0.473,  0.362,  0.286,  0.286,  0.362,
                                0.473,  0.535,  0.535,  0.473,  0.362,  0.286,  0.286,  0.362,  0.473,  0.535,  0.535,  0.473,  0.362,
                                0.286,  0.286,  0.362,  0.473,  0.535,  0.535,  0.473,  0.362,  0.286,  0.286,  0.362,  0.473,  0.535,
                                0.535,  0.473,  0.362,  0.286,  0.286,  0.362,  0.473,  0.535,  0.535,  0.473,  0.362,  0.286,  0.286,
                                0.362,  0.473,  0.535,  0.535,  0.473,  0.362,  0.286,  0.286,  0.362,  0.473,  0.535,  0.535,  0.473,
                                0.362,  0.286,  0.286,  0.362,  0.473,  0.535,  0.535,  0.473,  0.362,  0.286,  0.286,  0.362,  0.473,
                                0.535,  0.535,  0.473,  0.362,  0.286,  0.286,  0.362,  0.473,  0.535,  0.535,  0.473,  0.362,  0.286,
                                0.286,  0.362,  0.473,  0.535,  0.535,  0.473,  0.362,  0.286,  0.286,  0.362,  0.473,  0.535,  0.535,
                                0.473,  0.362,  0.286,  0.286,  0.362,  0.473,  0.535,  0.535,  0.473,  0.362,  0.286,  0.286,  0.362,
                                0.473,  0.535,  0.535,  0.473,  0.362,  0.286,  0.286,  0.362,  0.473,  0.535,  0.535,  0.473,  0.362,
                                0.286,  0.286,  0.362,  0.473,  0.535,  0.535,  0.473,  0.362,  0.286,  0.286,  0.362,  0.473,  0.535,
                                0.535,  0.473,  0.362,  0.286,  0.286,  0.362,  0.473,  0.535,  0.535,  0.473,  0.362,  0.286,  0.286,
                                0.362,  0.473,  0.535,  0.535,  0.473,  0.362,  0.286,  0.286,  0.362,  0.473,  0.535,  0.535,  0.473,
                                0.362,  0.286,  0.286,  0.362,  0.473,  0.535,  0.535,  0.473,  0.362,  0.286,  0.286,  0.362,  0.473,
                                0.535,  0.535,  0.473,  0.362,  0.286,  0.286,  0.362,  0.473,  0.535,  0.535,  0.473,  0.362,  0.286,
                                0.286,  0.362,  0.473,  0.535,  0.535,  0.473,  0.362,  0.286,  0.286,  0.362,  0.473,  0.535,  0.535,
                                0.473,  0.362,  0.286,  0.286,  0.362,  0.473,  0.535,  0.535,  0.473,  0.362,  0.286,  0.286,  0.362,
                                0.473,  0.535,  0.535,  0.473,  0.362,  0.286,  0.286,  0.362,  0.473,  0.535,  0.535,  0.473,  0.362,
                                0.286,  0.286,  0.362,  0.473,  0.535,  0.535,  0.473,  0.362,  0.286,  0.286,  0.362,  0.473,  0.535,
                                0.535,  0.473,  0.362,  0.286,  0.286,  0.362,  0.473,  0.535,  0.535,  0.473,  0.362,  0.286,  0.286,
                                0.362,  0.473,  0.535,  0.535,  0.473,  0.362,  0.286,  0.286,  0.362,  0.473,  0.535,  0.535,  0.473,
                                0.362,  0.286,  0.286,  0.362,  0.473,  0.535,  0.535,  0.473,  0.362,  0.286,  0.286,  0.362,  0.473,
                                0.535,  0.535,  0.473,  0.362,  0.286,  0.286,  0.362,  0.473,  0.535,  0.535,  0.473,  0.362,  0.286,
                                0.286,  0.362,  0.473,  0.535,  0.535,  0.473,  0.362,  0.286,  0.286,  0.362,  0.473,  0.535,  0.535,
                                0.473,  0.362,  0.286,  0.286,  0.362,  0.473,  0.535,  0.535,  0.473,  0.362,  0.286,  0.286,  0.362,
                                0.473,  0.535,  0.535,  0.473,  0.362,  0.286,  0.286,  0.362,  0.473,  0.535,  0.535,  0.473,  0.362,
                                0.286,  0.286,  0.362,  0.473,  0.535,  0.535,  0.473,  0.362,  0.286,  0.286,  0.362,  0.473,  0.535,
                                0.535,  0.473,  0.362,  0.286,  0.286,  0.362,  0.473,  0.535,  0.535,  0.473,  0.362,  0.286,  0.286,
                                0.362,  0.473,  0.535,  0.535,  0.473,  0.362,  0.286,  0.286,  0.362,  0.473,  0.535,  0.535,  0.473,
                                0.362,  0.286,  0.286,  0.362,  0.473,  0.535,  0.535,  0.473,  0.362,  0.286,  0.286,  0.362,  0.473,
                                0.535,  0.535,  0.473,  0.362,  0.286,  0.286,  0.362,  0.473,  0.535,  0.535,  0.473,  0.362,  0.286,
                                0.286,  0.362,  0.473,  0.535,  0.535,  0.473,  0.362,  0.286,  0.286,  0.362,  0.473,  0.535,  0.535,
                                0.473,  0.362,  0.286,  0.286,  0.362,  0.473,  0.535,  0.535,  0.473,  0.362,  0.286,  0.286,  0.362,
                                0.473,  0.535,  0.535,  0.473,  0.362,  0.286,  0.286,  0.362,  0.473,  0.535,  0.535,  0.473,  0.362,
                                0.286,  0.286,  0.362,  0.473,  0.535,  0.535,  0.473,  0.362,  0.286,  0.286,  0.362,  0.473,  0.535,
                                0.535,  0.473,  0.362,  0.286,  0.286,  0.362,  0.473,  0.535,  0.535,  0.473,  0.362,  0.286,  0.286,
                                0.362,  0.473,  0.535,  0.535,  0.473,  0.362,  0.286,  0.286,  0.362,  0.473,  0.535,  0.535,  0.473,
                                0.362,  0.286,  0.286,  0.362,  0.473,  0.535,  0.535,  0.473,  0.362,  0.286,  0.286,  0.362,  0.473,
                                0.535,  0.535,  0.473,  0.362,  0.286,  0.286,  0.362,  0.473,  0.535,  0.535,  0.473,  0.362,  0.286,
                                0.286,  0.362,  0.473,  0.535,  0.535,  0.473,  0.362,  0.286,  0.286,  0.362,  0.473,  0.535,  0.535,
                                0.473,  0.362,  0.286,  0.286,  0.362,  0.473,  0.535,  0.535,  0.473,  0.362,  0.286,  0.286,  0.362,
                                0.473,  0.535,  0.535,  0.473,  0.362,  0.286,  0.286,  0.362,  0.473,  0.535,  0.535,  0.473,  0.362,
                                0.286,  0.286,  0.362,  0.473,  0.535,  0.535,  0.473,  0.362,  0.286,  0.286,  0.362,  0.473,  0.535,
                                0.535,  0.473,  0.362,  0.286,  0.286,  0.362,  0.473,  0.535,  0.535,  0.473,  0.362,  0.286,  0.286,
                                0.362,  0.473,  0.535,  0.535,  0.473,  0.362,  0.286,  0.286,  0.362,  0.473,  0.535,  0.535,  0.473,
                                0.362,  0.286,  0.286,  0.362,  0.473,  0.535,  0.535,  0.473,  0.362,  0.286,  0.286,  0.362,  0.473,
                                0.535,  0.535,  0.473,  0.362,  0.286,  0.286,  0.362,  0.473,  0.535,  0.535,  0.473,  0.362,  0.286,
                                0.286,  0.362,  0.473,  0.535,  0.535,  0.473,  0.362,  0.286,  0.286,  0.362,  0.473,  0.535,  0.535,
                                0.473,  0.362,  0.286,  0.286,  0.362,  0.473,  0.535,  0.535,  0.473,  0.362,  0.286,  0.286,  0.362,
                                0.473,  0.535,  0.535,  0.473,  0.362,  0.286,  0.286,  0.362,  0.473,  0.535,  0.535,  0.473,  0.362,
                                0.286,  0.286,  0.362,  0.473,  0.535,  0.535,  0.473,  0.362,  0.286,  0.286,  0.362,  0.473,  0.535,
                                0.535,  0.473,  0.362,  0.286,  0.286,  0.362,  0.473,  0.535,  0.535,  0.473,  0.362,  0.286,  0.286,
                                0.362,  0.473,  0.535,  0.535,  0.473,  0.362,  0.286,  0.286,  0.362,  0.473,  0.535,  0.535,  0.473,
                                0.362,  0.286,  0.286,  0.362,  0.473,  0.535,  0.535,  0.473,  0.362,  0.286,  0.286,  0.362,  0.473,
                                0.535,  0.535,  0.473,  0.362,  0.286,  0.286,  0.362,  0.473,  0.535,  0.535,  0.473,  0.362,  0.286,
                                0.286,  0.362,  0.473,  0.535,  0.535,  0.473,  0.362,  0.286,  0.286,  0.362,  0.473,  0.535,  0.535,
                                0.473,  0.362,  0.286,  0.286,  0.362,  0.473,  0.535,  0.535,  0.473,  0.362,  0.286,  0.286,  0.362,
                                0.473,  0.535,  0.535,  0.473,  0.362,  0.286,  0.286,  0.362,  0.473,  0.535,  0.535,  0.473,  0.362,
                                0.286,  0.286,  0.362,  0.473,  0.535,  0.535,  0.473,  0.362,  0.286,  0.286,  0.362,  0.473,  0.535,
                                0.535,  0.473,  0.362,  0.286,  0.286,  0.362,  0.473,  0.535,  0.535,  0.473,  0.362,  0.286,  0.286,
                                0.362,  0.473,  0.535,  0.535,  0.473,  0.362,  0.286,  0.286,  0.362,  0.473,  0.535,  0.535,  0.473,
                                0.362,  0.286,  0.286,  0.362,  0.473,  0.535,  0.535,  0.473,  0.362,  0.286,  0.286,  0.362,  0.473,
                                0.535,  0.535,  0.473,  0.362,  0.286,  0.286,  0.362,  0.473,  0.535,  0.535,  0.473,  0.362,  0.286,
                                0.286,  0.362,  0.473,  0.535,  0.535,  0.473,  0.362,  0.286,  0.286,  0.362,  0.473,  0.535,  0.535,
                                0.473,  0.362,  0.286,  0.286,  0.362,  0.473,  0.535,  0.535,  0.473,  0.362,  0.286,  0.286,  0.362,
                                0.473,  0.535,  0.535,  0.473,  0.362,  0.286,  0.286,  0.362,  0.473,  0.535,  0.535,  0.473,  0.362,
                                0.286,  0.286,  0.362,  0.473,  0.535,  0.535,  0.473,  0.362,  0.286,  0.286,  0.362,  0.473,  0.535,
                                0.535,  0.473,  0.362,  0.286,  0.286,  0.362,  0.473,  0.535,  0.535,  0.473,  0.362,  0.286,  0.286,
                                0.362,  0.473,  0.535,  0.535,  0.473,  0.362,  0.286,  0.286,  0.362,  0.473,  0.535,  0.535,  0.473,
                                0.362,  0.286,  0.286,  0.362,  0.473,  0.535,  0.535,  0.473,  0.362,  0.286,  0.286,  0.362,  0.473,
                                0.535,  0.535,  0.473,  0.362,  0.286,  0.286,  0.362,  0.473,  0.535,  0.535,  0.473,  0.362,  0.286,
                                0.286,  0.362,  0.473,  0.535,  0.535,  0.473,  0.362,  0.286,  0.286,  0.362,  0.473,  0.535,  0.535,
                                0.473,  0.362,  0.286,  0.286,  0.362,  0.473,  0.535,  0.535,  0.473,  0.362,  0.286,  0.286,  0.362,
                                0.473,  0.535,  0.535,  0.473,  0.362,  0.286,  0.286,  0.362,  0.473,  0.535,  0.535,  0.473,  0.362,
                                0.286,  0.286,  0.362,  0.473,  0.535,  0.535,  0.473,  0.362,  0.286,  0.286,  0.362,  0.473,  0.535,
                                0.535,  0.473,  0.362,  0.286,  0.286,  0.362,  0.473,  0.535,  0.535,  0.473,  0.362,  0.286,  0.286,
                                0.362,  0.473,  0.535,  0.535,  0.473,  0.362,  0.286,  0.286,  0.362,  0.473,  0.535,  0.535,  0.473,
                                0.362,  0.286,  0.286,  0.362,  0.473,  0.535,  0.535,  0.473,  0.362,  0.286,  0.286,  0.362,  0.473,
                                0.535,  0.535,  0.473,  0.362,  0.286,  0.286,  0.362,  0.473,  0.535,  0.535,  0.473,  0.362,  0.286,
                                0.286,  0.362,  0.473,  0.535,  0.535,  0.473,  0.362,  0.286,  0.286,  0.362,  0.473,  0.535,  0.535,
                                0.473,  0.362,  0.286,  0.286,  0.362,  0.473,  0.535,  0.535,  0.473,  0.362,  0.286,  0.286,  0.362,
                                0.473,  0.535,  0.535,  0.473,  0.362,  0.286,  0.286,  0.362,  0.473,  0.535,  0.535,  0.473,  0.362,
                                0.286,  0.286,  0.362,  0.473,  0.535,  0.535,  0.473,  0.362,  0.286,  0.286,  0.362,  0.473,  0.535,
                                0.535,  0.473,  0.362,  0.286,  0.286,  0.362,  0.473,  0.535,  0.535,  0.473,  0.362,  0.286,  0.286,
                                0.362,  0.473,  0.535,  0.535,  0.473,  0.362,  0.286,  0.286,  0.362,  0.473,  0.535,  0.535,  0.473,
                                0.362,  0.286,  0.286,  0.362,  0.473,  0.535,  0.535,  0.473,  0.362,  0.286,  0.286,  0.362,  0.473,
                                0.535,  0.535,  0.473,  0.362,  0.286,  0.286,  0.362,  0.473,  0.535,  0.535,  0.473,  0.362,  0.286,
                                0.286,  0.362,  0.473,  0.535,  0.535,  0.473,  0.362,  0.286,  0.286,  0.362,  0.473,  0.535,  0.535,
                                0.473,  0.362,  0.286,  0.286,  0.362,  0.473,  0.535,  0.535,  0.473,  0.362,  0.286,  0.286,  0.362,
                                0.473,  0.535,  0.535,  0.473,  0.362,  0.286,  0.286,  0.362,  0.473,  0.535,  0.535,  0.473,  0.362,
                                0.286,  0.286,  0.362,  0.473,  0.535,  0.535,  0.473,  0.362,  0.286,  0.286,  0.362,  0.473,  0.535,
                                0.535,  0.473,  0.362,  0.286,  0.286,  0.362,  0.473,  0.535,  0.535,  0.473,  0.362,  0.286,  0.286,
                                0.362,  0.473,  0.535,  0.535,  0.473,  0.362,  0.286,  0.286,  0.362,  0.473,  0.535,  0.535,  0.473,
                                0.362,  0.286,  0.286,  0.362,  0.473,  0.535,  0.535,  0.473,  0.362,  0.286,  0.286,  0.362,  0.473,
                                0.535,  0.535,  0.473,  0.362,  0.286,  0.286,  0.362,  0.473,  0.535,  0.535,  0.473,  0.362,  0.286,
                                0.286,  0.362,  0.473,  0.535,  0.535,  0.473,  0.362,  0.286,  0.286,  0.362,  0.473,  0.535,  0.535,
                                0.473,  0.362,  0.286,  0.286,  0.362,  0.473,  0.535,  0.535,  0.473,  0.362,  0.286,  0.286,  0.362,
                                0.473,  0.535,  0.535,  0.473,  0.362,  0.286,  0.286,  0.362,  0.473,  0.535,  0.535,  0.473,  0.362,
                                0.286,  0.286,  0.362,  0.473,  0.535,  0.535,  0.473,  0.362,  0.286,  0.286,  0.362,  0.473,  0.535,
                                0.535,  0.473,  0.362,  0.286,  0.286,  0.362,  0.473,  0.535,  0.535,  0.473,  0.362,  0.286,  0.286,
                                0.362,  0.473,  0.535,  0.535,  0.473,  0.362,  0.286,  0.286,  0.362,  0.473,  0.535,  0.535,  0.473,
                                0.362,  0.286,  0.286,  0.362,  0.473,  0.535,  0.535,  0.473,  0.362,  0.286,  0.286,  0.362,  0.473,
                                0.535,  0.535,  0.473,  0.362,  0.286,  0.286,  0.362,  0.473,  0.535,  0.535,  0.473,  0.362,  0.286,
                                0.286,  0.362,  0.473,  0.535,  0.535,  0.473,  0.362,  0.286,  0.286,  0.362,  0.473,  0.535,  0.535,
                                0.473,  0.362,  0.286,  0.286,  0.362,  0.473,  0.535,  0.535,  0.473,  0.362,  0.286,  0.286,  0.362,
                                0.473,  0.535,  0.535,  0.473,  0.362,  0.286,  0.286,  0.362,  0.473,  0.535,  0.535,  0.473,  0.362,
                                0.286,  0.286,  0.362,  0.473,  0.535,  0.535,  0.473,  0.362,  0.286,  0.286,  0.362,  0.473,  0.535,
                                0.535,  0.473,  0.362,  0.286,  0.286,  0.362,  0.473,  0.535,  0.535,  0.473,  0.362,  0.286,  0.286,
                                0.362,  0.473,  0.535,  0.535,  0.473,  0.362,  0.286,  0.286,  0.362,  0.473,  0.535,  0.535,  0.473,
                                0.362,  0.286,  0.286,  0.362,  0.473,  0.535,  0.535,  0.473,  0.362,  0.286,  0.286,  0.362,  0.473,
                                0.535,  0.535,  0.473,  0.362,  0.286,  0.286,  0.362,  0.473,  0.535,  0.535,  0.473,  0.362,  0.286,
                                0.286,  0.362,  0.473,  0.535,  0.535,  0.473,  0.362,  0.286,  0.286,  0.362,  0.473,  0.535,  0.535,
                                0.473,  0.362,  0.286,  0.286,  0.362,  0.473,  0.535,  0.535,  0.473,  0.362,  0.286,  0.286,  0.362,
                                0.473,  0.535,  0.535,  0.473,  0.362,  0.286,  0.286,  0.362,  0.473,  0.535,  0.535,  0.473,  0.362,
                                0.286,  0.286,  0.362,  0.473,  0.535,  0.535,  0.473,  0.362,  0.286,  0.286,  0.362,  0.473,  0.535,
                                0